1694141959.3043506,0,301,262,1,292,250,2,290,250,3,289,249,4,290,251,5,288,251,6,285,251,7,270,255,8,266,256,9,296,274,10,292,275,11,263,321,12,236,332,14,254,441,16,345,455,18,368,465,20,372,455,22,365,451,23,269,462,24,251,491,26,413,501
1694141959.3543506,0,301,264,1,293,251,2,291,250,3,290,250,4,291,251,5,289,251,6,286,251,7,270,255,8,266,257,9,295,278,10,292,278,11,263,321,12,235,332,14,252,441,16,346,456,18,370,470,20,374,459,22,366,454,23,276,463,24,251,492,26,412,504
1694141959.4043505,0,300,267,1,293,253,2,292,252,3,290,252,4,292,253,5,290,253,6,287,252,7,271,256,8,267,257,9,295,280,10,292,281,11,263,321,12,234,332,14,251,442,16,346,457,18,371,471,20,375,460,22,367,455,23,279,463,24,252,492,26,411,506
1694141959.4543507,0,299,269,1,293,255,2,292,254,3,290,254,4,292,254,5,290,254,6,287,254,7,271,257,8,267,258,9,293,282,10,290,282,11,262,321,12,232,332,14,251,442,16,346,457,18,371,471,20,375,461,22,367,455,23,280,463,24,253,492,26,411,507
1694141959.5043507,0,297,268,1,293,254,2,291,254,3,290,254,4,291,254,5,289,254,6,286,254,7,271,257,8,266,258,9,292,282,10,289,282,11,261,321,12,231,332,14,251,442,16,346,456,18,370,471,20,375,460,22,367,455,23,280,462,24,253,492,26,409,507
1694141959.5543506,0,298,267,1,293,253,2,291,253,3,290,253,4,292,253,5,289,253,6,287,252,7,270,257,8,266,258,9,292,282,10,289,282,11,261,321,12,230,332,14,250,442,16,346,456,18,370,470,20,375,460,22,367,455,23,281,461,24,253,492,26,407,507
1694141959.6043506,0,296,267,1,291,253,2,290,253,3,288,253,4,290,253,5,288,252,6,285,252,7,269,257,8,265,258,9,290,281,10,287,282,11,261,321,12,229,333,14,251,442,16,346,456,18,370,469,19,364,443,20,375,460,22,367,455,23,281,461,24,254,492,26,407,507
1694141959.6543505,0,292,267,1,288,253,2,287,253,3,285,253,4,287,253,5,285,253,6,282,252,7,266,257,8,262,258,9,287,281,10,284,282,11,259,321,12,227,333,14,251,442,16,346,456,18,370,469,19,364,443,20,375,460,22,367,454,23,281,461,24,255,492,26,407,507
1694141959.7043507,0,293,265,1,288,252,2,287,252,3,285,252,4,287,251,5,285,251,6,282,251,7,265,257,8,262,258,9,288,280,10,285,281,11,258,321,12,227,333,14,251,442,16,346,456,17,360,445,18,369,468,19,362,443,20,374,460,22,367,454,23,281,461,24,255,493,26,407,508
1694141959.7543507,0,292,266,1,287,252,2,286,252,3,284,252,4,286,252,5,284,252,6,281,251,7,265,257,8,261,258,9,287,280,10,284,281,11,257,321,12,226,333,14,251,442,15,342,433,16,344,456,17,358,444,18,368,468,19,359,442,20,372,459,21,353,438,22,365,454,23,281,460,24,255,493,26,407,507
1694141959.8043506,0,291,266,1,286,252,2,285,252,3,283,252,4,285,252,5,283,252,6,281,252,7,263,257,8,260,258,9,286,280,10,283,281,11,256,321,12,226,334,14,251,442,15,342,433,16,344,455,17,358,444,18,368,467,19,360,443,20,372,458,21,353,439,22,365,453,23,282,459,24,256,492,26,407,508
1694141959.8543506,0,292,265,1,286,252,2,285,252,3,283,252,4,285,252,5,283,252,6,281,252,7,263,257,8,260,258,9,286,280,10,284,280,11,256,321,12,226,335,14,252,442,15,342,433,16,344,455,17,358,444,18,367,466,19,360,443,20,372,458,21,353,439,22,365,453,23,283,457,24,257,492,26,408,508
1694141959.9043505,0,292,265,1,286,252,2,285,252,3,283,252,4,285,251,5,283,252,6,281,252,7,263,257,8,260,258,9,286,279,10,284,280,11,257,320,12,226,335,14,252,443,15,342,433,16,344,455,17,358,443,18,367,466,19,360,442,20,371,457,21,353,438,22,364,452,23,284,456,24,258,491,26,408,508
1694141959.9543507,0,292,265,1,286,251,2,285,252,3,283,252,4,286,251,5,284,252,6,281,252,7,264,257,8,260,258,9,286,279,10,284,280,11,257,320,12,226,335,14,252,443,15,342,433,16,344,455,17,358,443,18,366,465,19,360,442,20,370,456,21,353,438,22,364,452,23,284,455,24,259,490,26,408,508
1694141960.0043507,0,292,265,1,287,251,2,285,252,3,283,252,4,286,251,5,284,252,6,281,252,7,264,257,8,261,258,9,286,279,10,284,280,11,257,320,12,226,335,14,252,443,15,343,433,16,343,454,17,359,443,18,366,464,19,361,442,20,370,456,21,354,438,22,364,452,23,285,455,24,260,490,26,408,508
1694141960.0543506,0,292,265,1,287,251,2,285,252,3,283,251,4,286,251,5,284,252,6,281,252,7,264,257,8,261,258,9,286,279,10,284,280,11,257,320,12,226,335,14,251,443,15,343,433,16,342,454,17,359,443,18,365,464,19,361,442,20,369,455,21,354,438,22,364,451,23,285,455,24,260,490,26,408,508
1694141960.1043506,0,292,265,1,287,251,2,285,251,3,283,251,4,286,251,5,284,252,6,281,252,7,264,257,8,261,258,9,286,279,10,284,280,11,257,320,12,226,335,14,251,443,15,343,433,16,341,455,17,360,443,18,365,464,19,361,442,20,369,455,21,354,438,22,364,451,23,285,455,24,260,490,26,408,508
1694141960.1543505,0,292,265,1,287,251,2,285,251,3,283,251,4,286,251,5,284,252,6,281,252,7,264,257,8,261,258,9,286,279,10,284,280,11,256,320,12,226,335,14,250,443,15,341,432,16,340,455,17,359,443,18,364,464,19,361,441,20,368,455,21,353,438,22,363,451,23,285,455,24,260,490,26,408,507
1694141960.2043507,0,293,265,1,287,251,2,286,251,3,284,251,4,286,251,5,284,252,6,281,252,7,264,257,8,261,258,9,286,279,10,284,280,11,256,320,12,226,335,14,250,443,15,340,432,16,339,455,17,358,442,18,363,464,19,360,441,20,367,454,21,352,437,22,362,451,23,285,455,24,261,490,26,408,506
1694141960.2543507,0,293,265,1,287,251,2,286,251,3,284,251,4,286,251,5,284,252,6,281,252,7,264,257,8,261,258,9,286,279,10,284,280,11,256,320,12,226,335,14,249,443,15,339,432,16,339,455,17,357,442,18,363,464,19,360,441,20,366,454,22,361,451,23,285,455,24,261,490,26,408,505
1694141960.3043506,0,293,265,1,287,251,2,286,252,3,284,251,4,286,252,5,284,252,6,281,252,7,264,257,8,261,258,9,286,279,10,284,280,11,256,320,12,226,335,14,249,443,15,339,432,16,338,455,17,357,442,18,363,463,19,359,440,20,366,454,22,361,450,23,285,456,24,261,490,26,409,505
1694141960.3543506,0,293,265,1,287,252,2,286,252,3,284,252,4,286,252,5,284,252,6,282,252,7,264,257,8,261,258,9,286,279,10,284,280,11,256,321,12,226,335,14,249,443,16,338,455,17,357,442,18,363,463,19,359,440,20,366,454,22,361,450,23,285,456,24,261,490,26,409,504
1694141960.4043505,0,293,265,1,287,252,2,286,252,3,284,252,4,286,252,5,284,252,6,281,252,7,264,257,8,261,258,9,286,280,10,283,280,11,256,321,12,226,335,14,249,443,16,338,455,17,357,442,18,363,463,19,359,440,20,366,454,22,361,450,23,285,456,24,261,490,26,409,505
1694141960.4543507,0,293,265,1,287,252,2,286,252,3,284,252,4,286,252,5,284,252,6,281,252,7,264,257,8,261,258,9,286,280,10,283,280,11,256,321,12,226,335,14,249,443,16,338,455,17,357,442,18,363,463,19,359,441,20,366,454,22,361,450,23,285,456,24,261,490,26,409,505
1694141960.5043507,0,293,265,1,287,252,2,286,252,3,284,252,4,286,252,5,284,252,6,281,252,7,264,257,8,261,258,9,286,280,10,283,280,11,256,321,12,226,335,14,249,443,15,339,433,16,338,455,17,357,442,18,362,463,19,359,440,20,366,453,22,361,450,23,285,456,24,261,490,26,409,505
1694141960.5543506,0,293,267,1,287,253,2,286,253,3,284,253,4,286,253,5,284,253,6,281,253,7,264,257,8,261,259,9,286,281,10,283,282,11,256,321,12,226,335,14,249,443,15,338,433,16,338,455,17,357,442,18,362,463,19,359,440,20,366,453,22,361,450,23,285,456,24,261,490,26,409,505
1694141960.6043506,0,292,268,1,287,253,2,286,253,3,284,253,4,286,254,5,284,254,6,281,254,7,264,257,8,260,259,9,285,282,10,282,283,11,255,321,12,226,335,14,249,443,15,338,433,16,338,455,17,356,442,18,362,463,19,358,440,20,366,453,21,350,437,22,361,450,23,285,456,24,261,490,26,409,504
1694141960.6543505,0,294,268,1,289,254,2,288,254,3,286,253,4,288,254,5,285,254,6,283,254,7,265,258,8,261,259,9,286,282,10,283,283,11,255,321,12,226,336,14,249,443,15,338,432,16,338,455,17,356,441,18,361,463,19,358,440,20,365,453,21,350,437,22,360,449,23,285,456,24,262,490,26,409,504
1694141960.7043507,0,295,268,1,290,254,2,289,254,3,287,253,4,289,254,5,286,254,6,283,254,7,265,258,8,262,259,9,286,282,10,284,283,11,255,321,12,225,336,14,249,443,15,337,432,16,337,455,17,355,441,18,361,463,19,357,439,20,365,453,21,349,436,22,360,449,23,285,456,24,262,490,26,409,504
1694141960.7543507,0,296,268,1,291,254,2,289,254,3,287,253,4,290,254,5,287,254,6,284,254,7,266,258,8,263,259,9,287,282,10,284,283,11,257,321,12,226,336,14,249,443,15,337,432,16,337,455,17,356,441,18,361,463,19,358,439,20,365,453,21,349,436,22,360,449,23,286,455,24,262,489,26,409,505
1694141960.8043506,0,296,268,1,292,254,2,290,253,3,288,253,4,290,254,5,288,254,6,285,254,7,266,258,8,264,259,9,287,282,10,285,283,11,258,321,12,226,336,14,249,443,15,338,432,16,337,455,17,357,442,18,361,463,19,358,439,20,365,453,21,350,436,22,360,449,23,286,455,24,262,489,26,409,506
1694141960.8543506,0,297,268,1,293,254,2,291,254,3,289,253,4,291,254,5,289,254,6,286,254,7,268,258,8,265,259,9,288,283,10,285,283,11,259,321,12,226,336,14,249,443,15,338,432,16,337,455,17,357,442,18,361,463,19,359,440,20,365,453,21,351,436,22,360,449,23,286,455,24,262,489,26,408,507
1694141960.9043505,0,298,268,1,293,254,2,291,254,3,289,253,4,292,254,5,289,254,6,286,254,7,268,258,8,265,259,9,288,283,10,285,283,11,259,321,12,226,336,14,249,443,15,339,433,16,337,455,17,358,442,18,361,463,19,360,440,20,365,453,21,352,437,22,360,449,23,286,455,24,262,489,26,408,507
1694141960.9543507,0,298,267,1,293,254,2,291,253,3,289,253,4,292,254,5,289,254,6,286,254,7,268,258,8,265,259,9,288,283,10,286,283,11,259,321,12,226,336,14,249,443,15,339,433,16,337,455,17,358,442,18,361,463,19,360,440,20,365,453,21,352,437,22,360,449,23,286,455,24,262,489,26,408,507
1694141961.0043507,0,298,267,1,293,254,2,291,253,3,289,253,4,292,254,5,289,254,6,286,254,7,268,258,8,266,259,9,288,283,10,286,283,11,259,321,12,226,336,14,249,443,15,339,433,16,337,455,17,358,442,18,361,462,19,360,440,20,365,453,21,352,437,22,360,449,23,286,455,24,261,489,26,408,508
1694141961.0543506,0,298,267,1,293,253,2,291,253,3,289,253,4,292,253,5,289,253,6,286,254,7,268,258,8,266,259,9,288,282,10,286,283,11,259,321,12,226,336,14,249,443,15,338,433,16,337,455,17,357,441,18,361,462,19,359,439,20,365,453,21,350,436,22,359,449,23,286,455,24,262,489,26,408,508
1694141961.1043506,0,298,266,1,293,253,2,291,253,3,289,252,4,292,253,5,289,253,6,287,253,7,268,257,8,266,258,9,289,282,10,286,282,11,259,321,12,226,337,14,249,443,15,338,433,16,337,455,17,356,441,18,360,462,19,358,439,20,364,453,21,350,436,22,359,449,23,286,455,24,262,490,26,408,507
1694141961.1543505,0,298,266,1,293,253,2,291,253,3,289,252,4,292,253,5,289,253,6,286,253,7,268,257,8,266,258,9,289,282,10,286,282,11,259,321,12,226,337,14,249,443,15,337,433,16,336,455,17,356,441,18,360,462,19,358,439,20,364,453,21,350,436,22,359,449,23,286,456,24,261,490,26,408,506
1694141961.2043507,0,298,266,1,293,253,2,291,253,3,289,253,4,292,253,5,289,253,6,286,253,7,268,257,8,266,258,9,288,282,10,286,282,11,258,322,12,226,337,14,248,443,15,337,433,16,336,455,17,356,441,18,360,462,19,358,439,20,364,453,21,350,436,22,358,449,23,285,457,24,262,490,26,408,506
1694141961.2543507,0,297,267,1,292,253,2,290,253,3,288,253,4,290,253,5,288,253,6,285,253,7,267,258,8,264,258,9,288,282,10,285,282,11,256,322,12,226,337,14,248,443,16,336,455,17,355,441,18,360,462,19,357,439,20,364,453,22,358,449,23,285,457,24,262,490,26,409,506
1694141961.3043506,0,296,267,1,291,253,2,290,253,3,288,253,4,290,253,5,287,253,6,284,253,7,267,258,8,264,258,9,288,282,10,285,282,11,256,322,12,226,337,14,248,443,16,336,455,18,359,462,20,363,453,22,358,450,23,285,457,24,262,490,26,409,505
1694141961.3543506,0,295,267,1,290,253,2,288,253,3,286,253,4,288,253,5,285,253,6,282,253,7,266,258,8,261,259,9,287,282,10,284,282,11,255,322,12,226,337,14,248,443,16,335,455,18,359,462,20,363,453,22,358,450,23,285,458,24,262,490,26,409,504
1694141961.4043505,0,294,267,1,289,253,2,288,253,3,286,253,4,287,253,5,285,253,6,282,253,7,266,258,8,260,259,9,286,281,10,283,282,11,254,322,12,226,337,14,248,443,16,335,455,18,359,462,20,363,453,22,358,450,23,285,458,24,262,490,26,409,503
1694141961.4543507,0,294,266,1,289,253,2,287,253,3,286,253,4,287,253,5,284,253,6,282,253,7,265,258,8,260,259,9,286,281,10,283,282,11,254,322,12,226,337,14,248,443,16,335,456,18,359,462,20,363,453,22,358,450,23,284,458,24,262,490,26,410,503
1694141961.5043507,0,294,266,1,289,253,2,287,253,3,286,253,4,287,253,5,284,253,6,281,253,7,265,258,8,260,259,9,286,281,10,283,282,11,254,322,12,226,336,14,248,443,16,335,456,18,359,462,20,363,453,22,358,450,23,284,458,24,262,490,26,410,503
1694141961.5543506,0,294,266,1,289,253,2,287,253,3,286,253,4,287,253,5,284,253,6,282,253,7,265,258,8,261,259,9,286,281,10,283,282,11,254,322,12,226,336,14,248,443,16,335,456,18,359,462,20,363,453,22,358,450,23,284,458,24,262,490,26,410,503
1694141961.6043506,0,294,266,1,289,253,2,287,253,3,286,253,4,287,253,5,285,253,6,282,253,7,265,258,8,261,259,9,286,281,10,283,282,11,254,322,12,226,336,14,248,443,16,335,456,18,359,462,20,363,453,22,358,450,23,284,458,24,262,490,26,410,502
1694141961.6543505,0,295,267,1,290,253,2,288,253,3,286,253,4,288,253,5,286,253,6,284,253,7,266,258,8,263,259,9,286,282,10,283,282,11,254,322,12,226,336,14,248,443,16,335,456,18,359,462,20,363,453,22,358,450,23,284,458,24,262,490,26,411,502
1694141961.7043507,0,296,267,1,291,253,2,289,253,3,287,253,4,289,253,5,287,253,6,284,253,7,266,258,8,264,259,9,286,282,10,284,282,11,254,322,12,226,337,14,248,443,16,335,456,18,359,462,20,363,453,22,358,450,23,284,458,24,262,490,26,411,502
1694141961.7543507,0,297,273,1,295,260,2,294,260,3,292,259,4,293,260,5,291,260,6,288,259,7,270,260,8,267,262,9,287,288,10,284,289,11,255,321,12,225,337,14,248,443,16,336,456,18,359,462,20,363,453,22,358,450,23,285,457,24,262,490,26,411,503
1694141961.8043506,0,298,276,1,297,263,2,296,262,3,294,261,4,295,263,5,293,262,6,290,262,7,272,261,8,269,263,9,287,290,10,284,291,11,256,320,12,225,337,14,248,443,16,336,456,18,360,462,20,364,453,22,358,450,23,285,457,24,262,490,26,411,503
1694141961.8543506,0,303,279,1,302,266,2,301,265,3,299,264,4,300,265,5,298,264,6,295,264,7,277,263,8,274,264,9,291,294,10,288,294,11,260,319,12,225,337,14,248,444,16,336,456,18,360,462,20,364,453,22,359,450,23,285,457,24,261,490,26,411,505
1694141961.9043505,0,303,280,1,303,267,2,302,266,3,300,265,4,301,266,5,299,265,6,296,264,7,278,264,8,275,265,9,292,295,10,288,294,11,261,319,12,225,337,14,248,444,16,336,456,18,360,462,20,364,453,22,359,450,23,285,456,24,261,489,26,411,505
1694141961.9543507,0,310,279,1,308,266,2,307,265,3,306,264,4,307,265,5,305,264,6,302,264,7,283,264,8,280,264,9,300,293,10,297,293,11,266,318,12,229,337,14,248,444,16,337,456,18,361,462,20,365,453,22,359,450,23,285,456,24,261,489,26,411,505
1694141962.0043507,0,309,278,1,308,265,2,306,265,3,305,264,4,306,265,5,304,264,6,301,264,7,282,264,8,279,264,9,299,293,10,296,293,11,267,318,12,229,336,14,248,444,16,337,456,18,362,462,20,365,453,22,360,450,23,285,456,24,261,489,26,411,505
1694141962.0543506,0,309,278,1,308,265,2,306,264,3,305,264,4,306,264,5,304,264,6,301,263,7,282,263,8,279,264,9,299,293,10,296,293,11,267,318,12,230,336,14,248,444,16,337,456,18,362,463,20,365,453,22,360,450,23,285,456,24,261,489,26,410,505
1694141962.1043506,0,309,278,1,308,264,2,306,264,3,305,263,4,306,264,5,304,263,6,301,263,7,282,263,8,279,264,9,299,293,10,295,293,11,266,318,12,231,336,14,249,444,16,337,456,18,362,463,20,366,453,22,361,450,23,285,456,24,261,489,26,410,505
1694141962.1543505,0,307,275,1,305,262,2,303,261,3,301,261,4,303,261,5,301,261,6,298,261,7,279,263,8,277,263,9,297,291,10,294,291,11,262,320,12,230,336,14,249,444,16,338,456,18,362,463,20,366,453,22,361,450,23,285,456,24,261,489,26,409,506
1694141962.2043507,0,302,275,1,300,260,2,298,260,3,296,260,4,297,260,5,295,260,6,292,260,7,274,262,8,271,263,9,293,290,10,290,290,11,260,320,12,227,337,14,249,444,16,338,456,18,362,463,20,366,453,22,361,450,23,285,456,24,261,489,26,409,506
1694141962.2543507,0,300,273,1,297,259,2,296,259,3,294,259,4,295,259,5,292,259,6,290,259,7,272,262,8,268,262,9,292,289,10,288,289,11,259,320,12,225,337,14,249,444,16,338,456,18,362,462,20,366,453,22,361,449,23,285,456,24,261,489,26,409,506
1694141962.3043506,0,300,272,1,296,258,2,295,258,3,293,258,4,294,258,5,291,258,6,288,258,7,271,262,8,267,262,9,291,288,10,288,288,11,259,320,12,223,337,14,248,444,16,338,455,18,362,462,20,365,453,22,360,449,23,285,456,24,261,489,26,408,507
1694141962.3543506,0,295,270,1,291,256,2,289,256,3,287,257,4,289,256,5,287,257,6,284,257,7,267,261,8,263,262,9,287,285,10,284,285,11,259,321,12,222,337,14,248,444,16,338,455,18,362,462,20,365,453,22,360,449,23,286,456,24,261,489,26,408,507
1694141962.4043505,0,292,268,1,287,254,2,286,254,3,284,255,4,286,254,5,284,255,6,281,255,7,264,260,8,261,261,9,285,283,10,282,283,11,258,322,12,221,337,14,248,444,16,338,455,18,362,462,20,365,453,22,360,449,23,286,456,24,261,489,26,409,507
1694141962.4543507,0,292,266,1,287,253,2,285,254,3,283,254,4,285,254,5,283,254,6,280,254,7,263,260,8,259,260,9,284,282,10,282,282,11,257,322,12,221,337,14,248,443,16,338,455,17,357,443,18,361,462,19,358,440,20,364,453,22,360,449,23,286,457,24,261,489,26,409,506
1694141962.5043507,0,292,265,1,286,253,2,285,253,3,283,253,4,285,253,5,283,253,6,280,254,7,262,259,8,259,260,9,284,281,10,282,281,11,257,322,12,220,337,14,248,443,15,339,435,16,338,455,17,357,443,18,361,462,19,358,440,20,364,453,22,359,449,23,286,457,24,261,489,26,409,506
1694141962.5543506,0,291,266,1,287,253,2,285,253,3,283,253,4,285,253,5,282,253,6,280,254,7,263,259,8,258,260,9,284,281,10,281,281,11,256,322,12,221,337,14,248,443,15,340,435,16,338,455,17,358,443,18,361,462,19,359,440,20,364,453,21,351,437,22,359,449,23,286,457,24,261,489,26,410,505
1694141962.6043506,0,291,266,1,287,253,2,285,253,3,284,253,4,285,253,5,282,253,6,279,254,7,263,259,8,258,260,9,284,281,10,281,281,11,255,323,12,221,337,14,249,443,15,341,435,16,338,455,17,359,443,18,361,461,19,360,440,20,364,453,21,353,437,22,359,449,23,286,457,24,261,489,26,411,505
1694141962.6543505,0,292,266,1,287,253,2,286,253,3,284,253,4,285,253,5,282,253,6,280,254,7,263,259,8,258,260,9,284,281,10,281,281,11,255,323,12,221,338,14,249,443,15,341,435,16,338,455,17,360,443,18,361,461,19,361,440,20,364,453,21,354,437,22,359,449,23,286,457,24,261,489,26,411,505
1694141962.7043507,0,292,266,1,287,253,2,286,253,3,284,253,4,285,253,5,283,253,6,280,253,7,263,259,8,258,260,9,284,281,10,281,281,11,255,323,12,221,338,14,249,443,15,341,435,16,338,455,17,360,443,18,361,461,19,361,440,20,364,453,21,354,437,22,359,449,23,286,457,24,261,489,26,411,505
1694141962.7543507,0,292,266,1,287,252,2,286,252,3,284,252,4,285,252,5,283,253,6,280,253,7,263,258,8,258,259,9,284,281,10,281,281,11,255,323,12,221,337,14,249,443,15,341,435,16,338,455,17,360,443,18,361,461,19,361,440,20,364,453,21,354,437,22,359,449,23,286,457,24,261,489,26,411,505
1694141962.8043506,0,292,265,1,288,252,2,286,252,3,284,252,4,286,252,5,283,252,6,280,253,7,263,258,8,258,259,9,285,280,10,281,281,11,255,323,12,222,337,14,249,443,15,341,435,16,338,455,17,360,443,18,361,461,19,361,441,20,364,453,21,354,437,22,359,449,23,286,457,24,261,489,26,411,504
1694141962.8543506,0,292,265,1,288,252,2,286,252,3,284,252,4,286,252,5,283,252,6,280,252,7,263,258,8,259,259,9,285,280,10,282,280,11,255,323,12,222,337,14,249,443,15,341,435,16,338,455,17,360,443,18,361,461,19,361,441,20,364,453,21,354,437,22,360,449,23,286,457,24,261,489,26,411,504
1694141962.9043505,0,292,265,1,288,252,2,286,252,3,284,252,4,286,252,5,283,252,6,280,252,7,263,258,8,259,259,9,285,280,10,282,280,11,255,323,12,222,338,14,249,443,15,341,435,16,338,455,17,360,443,18,361,461,19,361,441,20,364,453,21,353,437,22,360,449,23,286,457,24,261,489,26,411,504
1694141962.9543507,0,293,265,1,288,252,2,287,252,3,285,252,4,286,252,5,284,252,6,281,253,7,263,258,8,260,259,9,285,281,10,282,281,11,255,323,12,222,338,14,249,443,15,340,435,16,338,455,17,359,443,18,361,461,19,360,440,20,364,453,21,353,437,22,359,449,23,285,457,24,261,489,26,411,504
1694141963.0043507,0,293,272,1,291,259,2,289,258,3,288,258,4,289,259,5,286,258,6,284,258,7,265,259,8,262,261,9,285,286,10,282,287,11,255,323,12,222,338,14,249,443,15,340,435,16,338,455,17,360,443,18,361,461,19,360,440,20,364,453,21,353,437,22,359,449,23,285,457,24,261,489,26,411,504
1694141963.0543506,0,294,274,1,292,261,2,291,260,3,289,259,4,290,261,5,288,260,6,285,260,7,266,260,8,263,262,9,285,288,10,282,289,11,255,323,12,222,338,14,249,443,15,340,435,16,338,455,17,360,443,18,360,461,19,360,440,20,364,453,21,353,437,22,359,449,23,285,457,24,261,489,26,411,504
1694141963.1043506,0,294,275,1,293,262,2,292,261,3,290,260,4,291,262,5,288,261,6,285,261,7,267,260,8,264,262,9,285,289,10,282,290,11,255,323,12,222,338,14,249,443,15,340,435,16,338,455,17,359,443,18,360,461,19,360,440,20,364,453,21,353,437,22,359,449,23,285,457,24,261,489,26,411,503
1694141963.1543505,0,300,274,1,299,261,2,298,261,3,296,260,4,297,261,5,295,261,6,292,260,7,273,260,8,270,262,9,291,289,10,288,289,11,260,320,12,224,338,14,249,443,15,340,435,16,338,454,17,359,443,18,361,461,19,360,440,20,364,453,21,353,437,22,359,449,23,285,456,24,261,489,26,411,503
1694141963.2043507,0,304,274,1,303,260,2,302,260,3,300,259,4,301,261,5,299,260,6,296,260,7,277,260,8,274,262,9,295,288,10,292,288,11,263,318,12,228,338,14,250,443,15,341,435,16,340,454,17,360,442,18,363,461,19,360,439,20,366,453,21,353,435,22,361,449,23,285,456,24,261,489,26,411,503
1694141963.2543507,0,307,274,1,305,260,2,303,260,3,301,259,4,303,260,5,301,260,6,299,260,7,278,260,8,276,262,9,296,288,10,293,288,11,265,316,12,231,337,14,250,443,15,341,434,16,340,454,17,360,442,18,363,461,19,361,439,20,366,453,21,353,435,22,361,449,23,285,456,24,261,489,26,411,503
1694141963.3043506,0,307,273,1,305,260,2,304,259,3,302,259,4,304,260,5,301,260,6,299,259,7,279,260,8,276,262,9,297,288,10,294,288,11,266,315,12,231,337,14,250,444,15,341,434,16,340,454,17,360,442,18,363,461,19,361,438,20,366,453,21,353,435,22,361,449,23,285,455,24,261,489,26,411,503
1694141963.3543506,0,307,271,1,304,257,2,303,257,3,301,257,4,303,258,5,300,258,6,297,257,7,278,259,8,276,261,9,298,286,10,295,286,11,266,315,12,232,337,14,250,444,15,341,434,16,340,454,17,359,442,18,363,461,19,360,438,20,366,453,21,353,435,22,361,449,23,285,455,24,261,489,26,411,503
1694141963.4043505,0,307,267,1,304,254,2,302,254,3,300,254,4,302,254,5,300,254,6,297,255,7,278,259,8,275,260,9,297,283,10,295,283,11,264,318,12,233,337,14,251,444,15,341,434,16,341,454,17,359,442,18,364,461,19,360,438,20,367,452,21,353,435,22,362,449,23,284,456,24,261,489,26,411,503
1694141963.4543507,0,307,266,1,304,252,2,302,252,3,299,252,4,302,253,5,299,253,6,296,253,7,277,258,8,274,260,9,297,281,10,295,282,11,263,319,12,233,338,14,251,444,15,341,434,16,342,454,17,359,442,18,364,461,19,360,438,20,367,452,21,353,435,22,362,449,23,284,456,24,261,489,26,411,503
1694141963.5043507,0,307,264,1,304,250,2,301,250,3,298,250,4,302,251,5,299,251,6,296,252,7,277,257,8,274,259,9,297,279,10,295,280,11,263,320,12,233,337,14,251,444,15,341,434,16,342,454,17,359,442,18,364,461,19,360,438,20,367,452,21,352,435,22,362,449,23,284,456,24,262,490,26,412,503
1694141963.5543506,0,303,264,1,298,250,2,296,250,3,293,250,4,296,251,5,294,251,6,291,252,7,272,257,8,269,259,9,296,279,10,294,280,11,262,320,12,232,338,14,251,444,15,341,434,16,342,453,17,359,442,18,364,461,19,360,439,20,367,452,21,352,435,22,362,448,23,284,456,24,262,490,26,412,503
1694141963.6043506,0,296,263,1,289,250,2,288,250,3,285,250,4,289,250,5,287,250,6,284,251,7,265,257,8,263,259,9,291,279,10,289,279,11,262,320,12,228,338,14,250,444,15,342,434,16,341,453,17,360,442,18,364,461,19,361,439,20,367,452,21,353,435,22,362,448,23,285,456,24,262,490,26,413,503
1694141963.6543505,0,294,261,1,287,249,2,285,249,3,283,249,4,286,249,5,284,249,6,282,250,7,263,257,8,261,258,9,288,277,10,287,278,11,262,320,12,226,338,14,250,444,15,342,433,16,341,453,17,360,442,18,364,461,19,361,439,20,366,452,21,353,435,22,361,448,23,285,456,24,262,490,26,413,502
1694141963.7043507,0,293,259,1,286,247,2,284,248,3,282,248,4,286,247,5,284,248,6,282,248,7,262,257,8,260,258,9,288,276,10,286,276,11,262,320,12,225,338,14,249,444,15,341,433,16,341,453,17,360,442,18,364,461,19,361,439,20,366,452,21,353,435,22,361,448,23,285,456,24,261,490,26,412,501
1694141963.7543507,0,290,256,1,282,246,2,281,246,3,279,246,4,282,246,5,280,246,6,278,246,7,259,256,8,257,257,9,285,274,10,283,274,11,260,320,12,224,338,14,249,444,16,340,453,18,363,460,20,366,452,22,361,448,23,285,456,24,261,490,26,412,501
1694141963.8043506,0,288,256,1,280,244,2,279,245,3,277,245,4,279,245,5,277,245,6,275,246,7,258,255,8,254,257,9,284,274,10,282,274,11,259,320,12,224,338,14,248,443,16,340,453,18,363,460,20,366,451,22,360,448,23,285,455,24,261,489,26,411,501
1694141963.8543506,0,287,254,1,279,243,2,278,243,3,276,243,4,278,243,5,276,244,6,274,244,7,257,255,8,253,256,9,284,272,10,281,272,11,259,320,12,223,338,14,248,443,16,340,453,18,363,460,20,365,451,22,360,447,23,285,455,24,261,489,26,411,501
1694141963.9043505,0,287,255,1,279,243,2,277,244,3,276,244,4,278,244,5,276,244,6,273,245,7,257,255,8,253,256,9,283,272,10,281,273,11,258,319,12,223,338,14,248,443,16,340,452,18,363,460,20,365,451,22,360,447,23,285,455,24,261,489,26,411,501
1694141963.9543507,0,287,255,1,279,244,2,278,244,3,276,244,4,278,244,5,275,244,6,273,245,7,257,255,8,252,257,9,283,272,10,280,273,11,258,317,12,221,338,14,248,443,16,340,452,18,363,459,20,365,451,22,360,447,23,285,453,24,261,489,26,410,501
1694141964.0043507,0,287,255,1,280,244,2,278,244,3,277,244,4,278,244,5,276,245,6,273,245,7,257,255,8,252,257,9,284,273,10,280,273,11,258,316,12,221,338,14,248,443,16,339,451,18,363,459,20,365,450,22,360,446,23,286,453,24,261,489,26,410,501
1694141964.0543506,0,287,256,1,280,244,2,278,244,3,277,245,4,278,244,5,276,245,6,273,246,7,257,255,8,252,257,9,284,273,10,280,273,11,259,315,12,221,339,14,248,443,16,339,451,18,363,459,20,365,450,22,360,446,23,286,453,24,261,489,26,410,501
1694141964.1043506,0,288,255,1,280,244,2,279,244,3,277,245,4,278,244,5,276,245,6,273,246,7,258,255,8,253,257,9,284,273,10,281,273,11,259,314,12,221,339,14,248,443,16,339,451,18,362,458,20,365,450,22,359,446,23,286,453,24,261,488,26,410,501
1694141964.1543505,0,288,256,1,280,245,2,279,245,3,278,245,4,278,245,5,276,246,6,274,246,7,258,255,8,253,258,9,285,274,10,281,274,11,262,313,12,221,339,14,248,443,16,339,451,18,362,458,20,365,450,22,359,446,23,286,452,24,261,488,26,410,501
1694141964.2043507,0,289,256,1,281,244,2,280,245,3,279,245,4,279,245,5,277,246,6,274,246,7,260,255,8,253,258,9,286,274,10,282,274,11,264,310,12,222,339,14,248,444,16,339,450,18,362,458,20,364,449,22,359,445,23,286,451,24,261,487,26,409,501
1694141964.2543507,0,290,256,1,281,244,2,280,245,3,279,245,4,279,245,5,277,246,6,274,246,7,260,255,8,254,258,9,287,274,10,283,274,11,266,309,12,222,340,14,248,444,16,338,450,18,362,458,20,364,449,22,358,445,23,286,451,24,260,487,26,409,501
1694141964.3043506,0,291,256,1,282,244,2,281,245,3,279,245,4,280,245,5,277,246,6,275,246,7,260,255,8,255,258,9,288,274,10,284,274,11,266,309,12,222,340,14,248,444,16,338,450,18,361,458,20,364,449,22,358,445,23,286,451,24,260,487,26,408,501
1694141964.3543506,0,292,255,1,282,244,2,281,244,3,280,244,4,281,244,5,278,245,6,275,246,7,261,255,8,256,258,9,289,273,10,285,274,11,268,309,12,222,340,14,248,444,16,338,450,18,361,458,20,364,449,22,358,445,23,286,450,24,259,487,26,407,500
1694141964.4043505,0,292,255,1,283,244,2,282,244,3,281,244,4,281,244,5,279,245,6,276,245,7,262,255,8,257,257,9,289,273,10,285,274,11,268,309,12,223,338,14,248,444,16,338,450,18,362,458,20,364,449,22,358,445,23,286,450,24,259,486,26,407,499
1694141964.4543507,0,293,255,1,283,244,2,282,244,3,281,244,4,281,244,5,279,245,6,276,246,7,263,255,8,257,257,9,289,273,10,285,274,11,268,309,12,224,337,14,248,444,16,338,450,18,362,458,20,364,449,22,358,445,23,286,450,24,258,486,26,406,499
1694141964.5043507,0,293,255,1,284,244,2,283,244,3,282,244,4,282,244,5,279,245,6,276,246,7,263,254,8,257,257,9,289,273,10,286,274,11,268,309,12,224,337,14,248,444,16,338,450,18,362,458,20,365,449,22,359,445,23,285,450,24,257,486,26,406,498
1694141964.5543506,0,293,255,1,284,243,2,283,244,3,282,244,4,282,244,5,279,245,6,277,245,7,264,254,8,258,257,9,289,272,10,286,273,11,268,309,12,225,336,14,248,443,16,339,450,18,363,458,20,365,449,22,359,445,23,285,449,24,257,486,26,406,498
1694141964.6043506,0,292,256,1,284,244,2,283,244,3,282,244,4,282,244,5,280,245,6,277,246,7,265,254,8,258,257,9,289,272,10,285,273,11,268,309,12,226,335,14,248,442,16,339,450,18,363,458,20,365,449,22,359,445,23,285,449,24,257,485,26,406,498
1694141964.6543505,0,292,257,1,284,244,2,284,244,3,282,245,4,282,245,5,279,246,6,276,246,7,266,254,8,258,257,9,288,273,10,284,274,11,268,309,12,227,334,14,249,442,16,339,450,18,363,458,20,365,449,22,359,446,23,284,449,24,257,485,26,406,498
1694141964.7043507,0,291,258,1,284,244,2,284,245,3,283,245,4,282,245,5,279,246,6,276,247,7,266,254,8,258,257,9,288,273,10,284,274,11,268,310,12,227,334,14,249,442,16,339,450,18,363,458,20,365,449,22,359,446,23,284,449,24,257,485,26,406,497
1694141964.7543507,0,291,257,1,284,244,2,284,244,3,283,245,4,282,245,5,279,246,6,277,246,7,266,254,8,258,257,9,288,273,10,284,274,11,268,309,12,228,333,13,326,347,14,249,442,15,383,360,16,339,450,18,363,458,19,398,360,20,365,449,21,389,361,22,359,446,23,283,449,24,257,485,26,406,497
1694141964.8043506,0,291,257,1,285,244,2,284,244,3,283,245,4,282,245,5,280,246,6,277,246,7,266,254,8,259,257,9,288,272,10,284,274,11,268,310,12,229,333,13,320,356,14,249,442,15,377,368,16,339,450,18,363,458,19,393,367,20,365,450,21,384,368,22,359,446,23,283,449,24,257,485,26,406,497
1694141964.8543506,0,292,257,1,285,244,2,284,244,3,283,244,4,282,245,5,280,245,6,277,246,7,267,254,8,259,257,9,289,272,10,285,274,11,268,310,12,229,333,13,318,360,14,249,442,15,374,375,16,339,451,17,392,384,18,363,458,19,389,376,20,365,450,21,380,376,22,359,446,23,283,449,24,256,485,26,406,497
1694141964.9043505,0,292,258,1,285,244,2,284,244,3,283,244,4,282,245,5,280,246,6,277,246,7,267,254,8,259,257,9,289,273,10,285,274,11,268,311,12,229,333,13,317,361,14,249,442,15,373,377,16,340,451,17,391,385,18,363,458,19,388,377,20,365,450,21,379,378,22,359,446,23,282,449,24,256,485,26,406,497
1694141964.9543507,0,292,256,1,285,243,2,284,243,3,283,244,4,283,244,5,281,244,6,279,245,7,267,254,8,261,257,9,289,272,10,286,274,11,268,311,12,229,333,13,318,360,14,250,442,15,374,375,16,340,451,17,393,382,18,363,458,19,390,375,20,365,450,21,381,375,22,359,446,23,282,449,24,256,485,26,406,497
1694141965.0043507,0,293,253,1,286,242,2,285,242,3,283,242,4,284,242,5,282,243,6,279,244,7,267,253,8,262,257,9,290,271,10,286,273,11,267,311,12,230,333,13,320,358,14,250,442,15,374,371,16,340,451,17,393,379,18,363,458,19,389,371,20,365,450,21,380,372,22,359,446,23,282,449,24,256,485,26,407,497
1694141965.0543506,0,293,253,1,286,241,2,285,242,3,284,242,4,284,242,5,282,243,6,280,244,7,267,253,8,262,257,9,290,271,10,287,273,11,267,311,12,230,333,13,321,355,14,250,442,15,374,370,16,340,451,17,393,377,18,363,458,19,389,370,20,365,450,21,380,371,22,359,446,23,282,449,24,256,485,26,407,497
1694141965.1043506,0,293,253,1,286,241,2,285,242,3,284,242,4,284,242,5,282,243,6,280,244,7,267,253,8,262,256,9,290,270,10,287,272,11,267,310,12,231,333,13,319,356,14,250,442,15,374,372,16,340,451,17,393,379,18,363,458,19,390,373,20,365,450,21,381,373,22,359,446,23,282,449,24,256,485,26,407,497
1694141965.1543505,0,294,253,1,286,241,2,285,241,3,284,242,4,285,242,5,283,243,6,281,244,7,267,253,8,264,256,9,291,269,10,288,271,11,266,311,12,232,333,13,320,355,14,249,442,15,375,367,16,340,451,18,363,458,19,390,367,20,365,450,21,381,368,22,359,446,23,282,449,24,256,486,26,407,496
1694141965.2043507,0,294,252,1,286,241,2,285,241,3,284,242,4,285,242,5,283,243,6,281,244,7,267,253,8,264,256,9,291,269,10,288,271,11,266,311,12,232,333,14,249,442,15,375,366,16,340,451,18,363,458,19,390,366,20,365,450,21,381,367,22,359,446,23,281,449,24,256,486,26,407,495
1694141965.2543507,0,295,252,1,287,241,2,285,241,3,284,242,4,285,242,5,284,243,6,282,244,7,267,253,8,265,256,9,291,269,10,289,270,11,265,311,12,232,333,14,249,442,15,379,363,16,340,451,18,363,458,19,395,362,20,365,450,22,359,446,23,281,449,24,257,486,26,407,495
1694141965.3043506,0,295,252,1,286,241,2,285,241,3,284,242,4,285,242,5,284,243,6,282,244,7,267,253,8,265,256,9,291,268,10,289,270,11,265,311,12,232,333,14,249,442,15,375,362,16,340,451,18,363,458,20,365,450,22,359,446,23,281,449,24,257,486,26,407,495
1694141965.3543506,0,294,251,1,286,241,2,285,241,3,284,241,4,285,241,5,284,242,6,282,243,7,267,253,8,264,256,9,291,268,10,289,270,11,265,311,12,233,333,14,249,442,15,372,363,16,339,451,18,362,458,19,386,363,20,365,450,22,359,446,23,281,449,24,257,486,26,407,495
1694141965.4043505,0,294,251,1,286,240,2,285,241,3,284,241,4,285,241,5,284,242,6,282,243,7,267,253,8,264,256,9,291,268,10,289,269,11,265,311,12,233,332,14,249,442,15,372,363,16,339,451,18,362,458,19,386,363,20,365,450,22,358,446,23,281,449,24,257,486,26,407,495
1694141965.4543507,0,294,251,1,286,240,2,285,241,3,284,241,4,285,241,5,284,242,6,282,243,7,267,253,8,264,256,9,291,268,10,289,269,11,265,311,12,233,332,13,320,352,14,248,442,15,372,363,16,339,451,18,362,458,19,386,363,20,364,450,21,378,365,22,358,446,23,281,449,24,257,486,26,407,495
1694141965.5043507,0,294,252,1,286,241,2,285,241,3,284,241,4,285,241,5,283,242,6,281,243,7,266,252,8,264,255,9,291,268,10,288,270,11,265,311,12,233,332,14,248,442,15,365,378,16,339,451,18,362,458,19,379,379,20,364,450,21,371,379,22,358,446,23,281,449,24,257,486,26,407,495
1694141965.5543506,0,294,252,1,286,241,2,285,241,3,283,241,4,285,241,5,283,242,6,281,243,7,266,252,8,264,255,9,291,268,10,288,269,11,265,311,12,233,331,14,248,442,15,365,379,16,339,451,18,362,458,19,380,379,20,364,450,21,371,379,22,358,446,23,280,450,24,257,486,26,407,495
1694141965.6043506,0,294,252,1,286,241,2,285,241,3,283,241,4,285,241,5,283,242,6,281,243,7,266,252,8,264,255,9,291,268,10,288,269,11,264,311,12,233,331,14,248,442,15,365,379,16,339,451,18,362,458,19,381,379,20,364,450,22,358,446,23,280,450,24,257,486,26,407,494
1694141965.6543505,0,294,252,1,286,241,2,285,241,3,283,241,4,285,241,5,283,242,6,281,243,7,266,252,8,264,254,9,291,268,10,288,269,11,264,311,12,233,331,14,248,442,15,365,379,16,339,451,18,362,458,19,381,378,20,364,450,22,358,446,23,280,450,24,257,486,26,408,494
1694141965.7043507,0,293,252,1,286,241,2,285,241,3,283,241,4,285,241,5,283,242,6,281,243,7,266,252,8,264,254,9,290,268,10,288,269,11,263,312,12,233,331,14,248,442,16,339,451,18,362,458,20,364,450,22,358,446,23,280,451,24,258,486,26,408,494
1694141965.7543507,0,293,251,1,286,241,2,284,241,3,283,241,4,285,241,5,283,242,6,281,243,7,266,252,8,264,254,9,290,268,10,288,269,11,263,313,12,233,331,14,248,442,16,339,451,18,362,458,20,364,450,22,358,446,23,280,451,24,258,486,26,408,495
1694141965.8043506,0,292,250,1,285,240,2,284,240,3,282,241,4,284,241,5,283,241,6,280,242,7,266,251,8,264,254,9,290,267,10,288,268,11,262,314,12,233,331,14,248,442,16,339,451,18,362,458,20,364,450,22,357,446,23,279,451,24,258,486,26,408,495
1694141965.8543506,0,292,250,1,285,240,2,284,240,3,282,240,4,284,240,5,282,241,6,280,242,7,266,251,8,264,254,9,290,267,10,287,268,11,261,314,12,233,331,14,248,442,16,339,451,18,362,458,20,364,450,22,357,446,23,279,451,24,258,486,26,408,495
1694141965.9043505,0,292,250,1,285,240,2,284,240,3,282,240,4,284,240,5,282,241,6,280,242,7,266,251,8,263,254,9,290,267,10,287,268,11,261,315,12,232,331,14,248,442,16,339,451,18,362,458,20,364,450,22,357,446,23,279,451,24,257,486,26,408,496
1694141965.9543507,0,292,250,1,285,240,2,284,240,3,282,240,4,284,240,5,282,241,6,280,242,7,266,251,8,263,255,9,290,267,10,287,269,11,261,315,12,231,331,14,248,442,15,291,314,16,339,451,18,362,458,20,364,449,22,358,446,23,279,451,24,257,486,26,408,497
1694141966.0043507,0,292,250,1,285,240,2,284,240,3,282,240,4,284,240,5,282,241,6,280,242,7,266,251,8,263,255,9,290,268,10,287,269,11,260,316,12,231,331,13,318,361,14,248,442,15,294,318,16,339,450,18,362,458,20,364,449,22,358,446,23,278,451,24,257,486,26,408,497
1694141966.0543506,0,292,250,1,285,240,2,284,240,3,282,240,4,284,240,5,282,241,6,280,242,7,266,251,8,263,255,9,290,268,10,287,269,11,260,316,12,231,331,13,317,361,14,248,442,15,296,318,16,339,450,18,362,458,20,364,449,22,358,446,23,278,451,24,257,486,26,407,498
1694141966.1043506,0,292,250,1,285,240,2,284,240,3,282,240,4,284,241,5,282,241,6,280,242,7,266,251,8,263,255,9,290,268,10,287,270,11,260,316,12,231,332,13,316,361,14,249,442,15,317,352,16,339,450,18,362,458,20,364,449,22,358,446,23,278,451,24,257,486,26,407,498
1694141966.1543505,0,292,250,1,285,240,2,284,240,3,282,240,4,284,240,5,282,241,6,280,242,7,266,251,8,263,255,9,290,268,10,287,269,11,260,316,12,231,332,13,314,361,14,249,442,16,339,450,18,362,458,20,364,449,22,358,446,23,278,451,24,257,486,26,407,498
1694141966.2043507,0,292,250,1,285,240,2,284,240,3,282,240,4,284,240,5,282,241,6,280,242,7,265,251,8,263,255,9,290,268,10,287,269,11,260,316,12,231,332,14,249,442,16,339,450,18,362,458,20,364,449,22,358,446,23,278,451,24,257,486,26,407,498
1694141966.2543507,0,292,250,1,285,239,2,284,240,3,282,240,4,284,240,5,282,241,6,280,242,7,265,251,8,263,255,9,290,267,10,287,269,11,260,315,12,231,332,14,249,442,16,339,450,18,362,458,20,364,449,22,358,446,23,278,451,24,257,486,26,407,498
1694141966.3043506,0,292,250,1,285,240,2,284,240,3,282,240,4,284,240,5,282,241,6,280,242,7,265,252,8,263,255,9,290,267,10,287,269,11,260,315,12,231,332,14,249,442,16,339,450,18,362,458,20,364,449,22,358,446,23,278,451,24,257,486,26,407,498
1694141966.3543506,0,292,250,1,285,240,2,284,240,3,282,240,4,284,240,5,282,241,6,280,242,7,265,252,8,263,255,9,290,268,10,287,270,11,260,315,12,231,332,14,249,442,16,339,450,18,362,458,20,364,449,22,358,446,23,278,451,24,257,486,26,407,498
1694141966.4043505,0,292,251,1,285,240,2,284,240,3,282,240,4,284,241,5,282,242,6,280,243,7,265,252,8,263,255,9,290,268,10,288,270,11,260,315,12,231,332,14,249,442,16,339,450,18,362,458,20,365,449,22,358,446,23,278,451,24,257,486,26,407,498
1694141966.4543507,0,292,251,1,285,240,2,284,240,3,282,240,4,284,241,5,282,242,6,280,243,7,265,252,8,263,255,9,290,268,10,288,270,11,260,315,12,231,332,14,249,442,16,339,450,18,362,458,20,365,449,22,358,446,23,279,451,24,257,486,26,407,498
1694141966.5043507,0,292,251,1,284,240,2,283,240,3,282,240,4,283,241,5,282,242,6,280,243,7,265,252,8,263,255,9,290,268,10,288,270,11,260,315,12,233,332,14,249,441,16,339,450,18,363,458,20,365,449,22,358,446,23,278,451,24,257,486,26,407,498
1694141966.5543506,0,292,252,1,284,240,2,283,240,3,282,240,4,283,241,5,282,242,6,280,243,7,265,252,8,263,255,9,290,268,10,288,270,11,260,315,12,234,332,14,249,441,16,339,450,18,363,458,20,365,450,22,358,446,23,278,451,24,257,486,26,407,498
1694141966.6043506,0,292,252,1,284,240,2,283,240,3,282,241,4,283,241,5,282,242,6,280,243,7,266,252,8,264,255,9,290,268,10,288,270,11,260,315,12,234,332,14,250,441,16,339,450,18,363,458,20,365,450,22,358,446,23,278,452,24,257,487,26,407,498
1694141966.6543505,0,292,252,1,284,240,2,283,240,3,282,241,4,283,241,5,282,242,6,280,243,7,266,252,8,264,255,9,291,268,10,288,270,11,260,315,12,234,332,14,250,441,16,339,450,18,363,458,20,365,450,22,358,446,23,278,452,24,257,487,26,407,497
1694141966.7043507,0,292,252,1,284,240,2,283,240,3,282,241,4,283,241,5,282,242,6,280,243,7,266,252,8,264,255,9,291,268,10,288,270,11,260,315,12,235,331,14,250,441,16,339,450,18,363,458,20,365,450,22,358,446,23,278,452,24,257,487,26,407,497
1694141966.7543507,0,292,252,1,284,240,2,283,241,3,282,241,4,283,241,5,282,242,6,280,243,7,266,252,8,264,255,9,291,268,10,288,270,11,260,315,12,235,332,14,250,441,16,339,450,18,363,458,20,365,450,22,359,446,23,278,452,24,257,487,26,407,497
1694141966.8043506,0,292,252,1,284,240,2,283,241,3,282,241,4,283,241,5,282,242,6,280,243,7,266,252,8,264,255,9,290,268,10,288,270,11,260,315,12,235,332,14,250,442,16,339,450,18,364,458,20,365,450,22,359,447,23,278,452,24,257,487,26,408,497
1694141966.8543506,0,292,252,1,284,241,2,283,241,3,282,241,4,283,241,5,282,242,6,279,243,7,266,252,8,264,255,9,290,268,10,288,271,11,260,315,12,235,332,14,250,442,16,339,450,18,364,458,20,365,450,22,359,447,23,278,452,24,257,487,26,408,497
1694141966.9043505,0,292,252,1,284,241,2,283,241,3,282,241,4,283,241,5,281,242,6,279,243,7,266,252,8,264,255,9,290,268,10,288,271,11,260,315,12,234,332,14,250,442,16,339,450,18,364,458,20,365,450,22,359,447,23,278,453,24,257,487,26,408,497
1694141966.9543507,0,291,252,1,284,241,2,283,241,3,282,241,4,283,241,5,281,242,6,279,243,7,266,252,8,264,255,9,290,268,10,288,271,11,260,315,12,234,332,14,250,442,16,339,450,18,364,458,20,365,450,22,359,447,23,278,453,24,257,487,26,408,497
1694141967.0043507,0,291,252,1,284,241,2,283,241,3,282,241,4,283,241,5,281,242,6,279,243,7,266,252,8,264,255,9,290,268,10,288,271,11,260,315,12,234,332,14,250,442,16,339,450,18,364,458,20,365,450,22,359,447,23,278,453,24,257,487,26,408,497
1694141967.0543506,0,291,252,1,284,241,2,283,241,3,282,241,4,283,241,5,281,242,6,279,243,7,266,252,8,263,255,9,290,268,10,287,271,11,260,315,12,234,332,14,250,442,16,339,450,18,364,458,20,365,450,22,359,447,23,277,453,24,257,487,26,408,497
1694141967.1043506,0,291,253,1,284,241,2,283,241,3,282,241,4,283,241,5,281,242,6,279,243,7,266,252,8,263,255,9,290,269,10,287,271,11,260,315,12,234,332,14,249,442,16,339,450,18,364,458,20,365,450,22,359,447,23,278,453,24,257,487,26,408,497
1694141967.1543505,0,291,253,1,285,241,2,284,241,3,282,241,4,283,241,5,282,242,6,280,243,7,266,251,8,263,254,9,290,269,10,287,271,11,260,315,12,234,332,14,249,442,16,339,450,18,364,458,20,365,450,22,359,447,23,278,453,24,257,487,26,408,497
1694141967.2043507,0,291,253,1,285,241,2,284,241,3,282,241,4,284,241,5,282,242,6,280,243,7,266,251,8,263,253,9,290,269,10,287,270,11,261,315,12,234,332,14,248,442,16,339,450,18,364,458,20,365,450,22,359,447,23,278,453,24,257,487,26,408,497
1694141967.2543507,0,291,253,1,285,241,2,284,241,3,283,241,4,284,241,5,282,242,6,280,243,7,266,251,8,263,253,9,290,269,10,287,270,11,261,315,12,234,331,14,248,442,16,339,450,18,364,458,20,365,450,22,359,447,23,278,453,24,257,487,26,408,497
1694141967.3043506,0,291,253,1,285,241,2,284,241,3,283,241,4,284,241,5,282,242,6,280,243,7,265,251,8,263,253,9,290,268,10,287,270,11,261,315,12,234,331,14,248,442,16,339,450,18,364,458,20,365,450,22,359,446,23,278,453,24,257,487,26,408,498
1694141967.3543506,0,291,252,1,285,241,2,284,241,3,283,241,4,284,241,5,282,242,6,280,242,7,265,251,8,263,253,9,290,268,10,287,270,11,261,315,12,234,331,14,248,442,16,339,450,18,364,458,20,365,450,22,359,446,23,278,453,24,257,487,26,408,498
1694141967.4043505,0,291,252,1,285,241,2,284,241,3,283,241,4,284,241,5,282,242,6,280,242,7,265,251,8,263,253,9,290,268,10,287,270,11,261,315,12,234,331,14,248,442,16,339,450,18,364,458,20,365,450,22,359,446,23,278,453,24,257,487,26,408,498
1694141967.4543507,0,291,252,1,285,241,2,284,241,3,283,241,4,284,241,5,282,242,6,280,242,7,265,251,8,263,253,9,290,268,10,287,270,11,261,315,12,234,331,14,248,442,16,339,451,18,364,458,20,365,450,22,359,446,23,278,453,24,257,487,26,408,498
1694141967.5043507,0,291,252,1,285,241,2,284,241,3,283,241,4,284,241,5,282,242,6,280,242,7,265,251,8,263,252,9,290,268,10,287,270,11,261,315,12,234,331,14,248,442,16,339,451,18,364,458,20,365,450,22,359,447,23,278,453,24,257,487,26,408,498
1694141967.5543506,0,292,253,1,285,241,2,284,241,3,283,241,4,284,241,5,282,242,6,280,242,7,265,251,8,263,253,9,290,269,10,287,270,11,261,315,12,234,331,14,248,442,16,339,451,18,364,458,20,365,450,22,359,447,23,279,453,24,257,487,26,408,498
1694141967.6043506,0,292,253,1,285,241,2,284,241,3,283,241,4,284,241,5,282,242,6,280,242,7,265,251,8,263,253,9,290,269,10,287,271,11,261,315,12,233,331,14,248,442,16,339,451,18,364,458,20,365,450,22,359,447,23,279,453,24,257,487,26,409,499
1694141967.6543505,0,292,253,1,285,241,2,284,241,3,283,241,4,284,241,5,282,242,6,280,242,7,265,251,8,263,253,9,290,269,10,287,271,11,261,315,12,233,331,14,248,442,16,339,451,18,364,458,20,365,450,22,358,447,23,279,453,24,257,487,26,409,499
1694141967.7043507,0,292,253,1,285,241,2,284,241,3,282,241,4,284,241,5,282,242,6,280,243,7,265,251,8,263,253,9,290,269,10,287,271,11,261,315,12,233,331,14,248,442,16,339,451,18,364,458,20,365,450,22,358,447,23,278,453,24,256,487,26,408,499
1694141967.7543507,0,292,254,1,285,241,2,284,242,3,282,242,4,284,242,5,282,242,6,280,243,7,265,251,8,263,253,9,290,269,10,287,272,11,261,315,12,233,331,14,248,442,16,339,451,18,364,458,20,365,450,22,358,447,23,278,453,24,256,487,26,408,499
1694141967.8043506,0,292,254,1,285,242,2,283,242,3,282,242,4,283,242,5,282,242,6,279,243,7,264,251,8,262,253,9,290,270,10,287,272,11,261,315,12,233,331,14,248,442,16,339,451,18,363,458,20,365,450,22,358,447,23,278,453,24,256,486,26,408,499
1694141967.8543506,0,292,254,1,285,242,2,283,242,3,282,242,4,283,242,5,282,242,6,279,243,7,264,251,8,262,254,9,290,270,10,287,272,11,261,315,12,233,331,14,248,442,16,339,451,18,363,458,20,365,450,22,358,447,23,278,453,24,256,486,26,408,499
1694141967.9043505,0,291,254,1,284,242,2,283,242,3,282,242,4,283,242,5,281,242,6,279,243,7,264,251,8,262,254,9,290,270,10,287,272,11,261,315,12,233,331,14,248,442,16,339,451,18,363,458,20,365,450,22,358,447,23,278,453,24,256,486,26,407,499
1694141967.9543507,0,291,254,1,284,242,2,283,242,3,282,242,4,283,242,5,281,242,6,279,243,7,264,251,8,262,254,9,290,270,10,287,273,11,261,315,12,233,331,14,248,442,16,339,451,18,363,458,20,365,450,22,358,447,23,278,453,24,256,486,26,407,499
1694141968.0043507,0,291,254,1,284,242,2,283,242,3,282,242,4,283,242,5,281,242,6,279,243,7,264,251,8,262,254,9,290,270,10,287,273,11,261,315,12,233,331,14,248,442,16,339,451,18,363,458,20,365,450,22,358,447,23,278,453,24,256,486,26,407,499
1694141968.0543506,0,291,254,1,284,242,2,283,242,3,282,242,4,283,242,5,281,242,6,279,243,7,264,251,8,262,254,9,290,270,10,287,273,11,261,315,12,233,331,14,248,442,16,339,451,18,364,458,20,365,450,22,358,447,23,278,453,24,256,486,26,407,499
1694141968.1043506,0,291,254,1,284,242,2,283,242,3,282,242,4,283,242,5,281,242,6,279,243,7,264,251,8,262,254,9,290,270,10,287,273,11,260,315,12,233,331,14,248,442,16,339,451,18,364,458,20,365,450,22,358,447,23,278,453,24,256,486,26,407,499
1694141968.1543505,0,291,254,1,284,241,2,283,242,3,281,242,4,283,242,5,281,242,6,279,243,7,264,251,8,262,254,9,290,270,10,287,272,11,260,315,12,233,331,14,248,442,16,339,451,18,364,458,20,365,450,22,358,447,23,278,453,24,256,486,26,407,499
1694141968.2043507,0,291,254,1,284,241,2,283,242,3,281,242,4,283,242,5,281,242,6,279,243,7,264,251,8,262,254,9,290,269,10,287,272,11,260,315,12,233,331,14,248,442,16,339,451,18,364,458,20,365,450,22,358,447,23,278,453,24,256,486,26,407,499
1694141968.2543507,0,291,253,1,284,241,2,283,242,3,281,242,4,283,242,5,281,242,6,279,243,7,264,251,8,262,254,9,290,269,10,287,272,11,260,315,12,233,331,14,248,442,16,339,451,18,364,458,20,365,450,22,358,447,23,279,453,24,256,486,26,407,499
1694141968.3043506,0,291,253,1,284,241,2,283,241,3,281,242,4,283,241,5,281,242,6,279,243,7,263,251,8,261,253,9,290,269,10,287,272,11,260,315,12,233,331,14,248,442,16,339,451,18,364,458,20,365,450,22,358,447,23,279,454,24,256,487,26,407,499
1694141968.3543506,0,291,253,1,284,241,2,283,241,3,281,242,4,283,241,5,281,242,6,278,243,7,263,251,8,261,254,9,289,269,10,287,272,11,260,315,12,232,332,14,248,442,16,339,451,18,364,458,20,365,450,22,358,447,23,279,454,24,256,487,26,407,499
1694141968.4043505,0,291,253,1,284,241,2,283,241,3,281,242,4,282,241,5,280,242,6,278,243,7,263,251,8,261,254,9,289,269,10,286,272,11,260,315,12,232,332,14,248,442,16,339,451,18,364,458,20,365,450,22,358,447,23,279,454,24,256,487,26,407,498
1694141968.4543507,0,291,254,1,284,241,2,283,241,3,281,242,4,282,241,5,280,242,6,278,243,7,263,251,8,260,254,9,289,269,10,286,272,11,260,315,12,232,332,14,248,442,16,339,451,18,364,458,20,365,450,22,358,447,23,279,454,24,256,487,26,407,498
1694141968.5043507,0,291,254,1,284,241,2,283,241,3,281,242,4,282,242,5,280,242,6,278,243,7,263,251,8,260,254,9,289,269,10,286,272,11,260,315,12,232,332,14,248,442,16,339,451,18,364,458,20,365,450,22,358,447,23,279,454,24,257,487,26,407,498
1694141968.5543506,0,290,254,1,284,241,2,282,241,3,281,242,4,282,242,5,280,242,6,278,243,7,263,251,8,260,254,9,289,269,10,286,272,11,260,315,12,232,332,14,248,442,16,339,451,18,364,458,20,365,450,22,358,447,23,279,454,24,257,487,26,407,498
1694141968.6043506,0,290,254,1,283,241,2,282,241,3,281,242,4,282,242,5,280,242,6,278,243,7,263,251,8,260,254,9,289,269,10,286,272,11,260,315,12,232,333,13,309,369,14,248,442,16,339,451,18,364,458,20,365,450,22,358,447,23,279,454,24,257,487,26,407,498
1694141968.6543505,0,290,254,1,283,241,2,282,242,3,281,242,4,282,242,5,280,242,6,278,243,7,263,252,8,260,254,9,288,270,10,286,272,11,260,315,12,232,333,13,308,370,14,248,442,16,339,451,18,364,458,20,365,450,22,358,447,23,279,453,24,257,487,26,407,498
1694141968.7043507,0,290,254,1,283,241,2,282,242,3,281,242,4,282,242,5,280,242,6,278,243,7,263,252,8,260,254,9,288,270,10,286,272,11,260,315,12,232,333,13,309,370,14,248,442,16,339,451,18,364,458,20,365,450,22,358,447,23,279,453,24,257,487,26,407,498
1694141968.7543507,0,290,254,1,283,241,2,282,242,3,281,242,4,282,242,5,280,242,6,278,243,7,263,252,8,260,254,9,288,270,10,286,272,11,260,315,12,232,333,13,309,370,14,248,442,16,339,451,18,364,458,20,365,450,22,358,447,23,279,453,24,257,487,26,407,498
1694141968.8043506,0,290,254,1,283,241,2,282,242,3,281,242,4,282,242,5,280,242,6,277,243,7,263,252,8,260,254,9,288,270,10,286,272,11,260,314,12,232,333,13,309,369,14,248,442,16,339,451,18,364,458,20,365,450,22,358,447,23,279,453,24,257,487,26,407,497
1694141968.8543506,0,290,254,1,283,242,2,282,242,3,281,242,4,282,242,5,280,243,6,277,243,7,263,252,8,260,254,9,288,270,10,286,272,11,260,314,12,232,333,13,309,370,14,248,442,16,340,451,18,364,458,20,365,450,22,358,447,23,279,453,24,257,487,26,407,497
1694141968.9043505,0,290,254,1,283,242,2,282,242,3,281,242,4,282,242,5,280,243,6,277,243,7,263,252,8,260,254,9,288,270,10,286,272,11,260,314,12,232,333,13,309,369,14,248,442,16,340,451,18,364,458,20,365,450,22,359,447,23,279,453,24,257,487,26,407,498
1694141968.9543507,0,290,254,1,283,242,2,282,242,3,281,242,4,282,242,5,280,243,6,277,243,7,263,252,8,260,254,9,288,270,10,286,272,11,260,314,12,232,333,13,309,369,14,248,442,16,340,451,18,364,458,20,365,450,22,359,447,23,279,453,24,257,487,26,407,498
1694141969.0043507,0,290,254,1,283,242,2,282,242,3,281,242,4,282,242,5,280,243,6,277,243,7,263,252,8,260,254,9,288,270,10,286,272,11,260,314,12,232,333,13,310,369,14,248,442,16,340,451,18,364,458,20,365,450,22,359,447,23,279,453,24,257,487,26,407,498
1694141969.0543506,0,290,254,1,283,242,2,282,242,3,280,242,4,281,242,5,280,242,6,277,243,7,262,252,8,260,254,9,288,269,10,285,271,11,260,314,12,232,333,13,310,369,14,248,442,16,340,451,18,364,458,20,365,450,22,359,447,23,279,453,24,257,487,26,407,498
1694141969.1043506,0,290,254,1,283,242,2,282,242,3,280,242,4,281,242,5,279,242,6,277,243,7,262,251,8,260,254,9,288,269,10,285,271,11,260,314,12,231,333,13,310,369,14,248,442,16,340,451,18,364,458,20,365,450,22,359,447,23,279,453,24,257,487,26,406,498
1694141969.1543505,0,290,254,1,283,242,2,282,242,3,280,242,4,281,242,5,279,242,6,277,243,7,262,251,8,260,254,9,288,269,10,285,271,11,260,314,12,231,333,13,309,370,14,248,442,16,340,451,18,364,458,20,365,450,22,359,447,23,279,453,24,257,487,26,406,498
1694141969.2043507,0,290,254,1,283,242,2,282,242,3,280,242,4,281,242,5,279,242,6,277,243,7,262,251,8,259,254,9,288,269,10,285,271,11,260,314,12,231,333,13,309,370,14,248,442,16,340,451,18,364,458,20,365,450,22,359,447,23,278,453,24,257,487,26,406,498
1694141969.2543507,0,290,253,1,283,241,2,282,241,3,280,241,4,281,241,5,279,242,6,277,243,7,262,251,8,260,253,9,288,269,10,285,271,11,260,314,12,231,333,13,309,370,14,247,442,16,339,451,18,364,458,20,365,450,22,359,447,23,278,452,24,256,486,26,406,498
1694141969.3043506,0,290,253,1,283,241,2,282,241,3,280,241,4,281,241,5,279,242,6,277,243,7,262,251,8,260,253,9,288,269,10,285,271,11,260,313,12,231,333,13,309,370,14,247,442,15,356,403,16,339,451,18,364,458,20,365,450,22,359,446,23,278,452,24,256,486,26,405,498
1694141969.3543506,0,290,253,1,283,241,2,282,241,3,280,241,4,281,241,5,279,242,6,277,243,7,262,251,8,260,253,9,288,269,10,285,271,11,260,313,12,231,333,13,309,370,14,247,442,15,356,403,16,339,451,18,364,458,20,365,449,22,359,446,23,278,452,24,256,486,26,405,498
1694141969.4043505,0,290,253,1,283,241,2,282,241,3,280,241,4,281,241,5,280,242,6,277,243,7,262,251,8,260,253,9,288,269,10,285,271,11,260,313,12,231,333,13,309,370,14,247,442,15,356,403,16,339,451,18,364,458,20,365,449,22,359,446,23,278,452,24,256,486,26,405,498
1694141969.4543507,0,290,253,1,283,241,2,282,241,3,280,241,4,281,241,5,280,242,6,277,243,7,262,251,8,260,253,9,288,269,10,285,271,11,260,313,12,231,333,13,309,371,14,247,442,15,355,417,16,339,451,18,364,458,20,366,448,22,359,444,23,279,452,24,256,486,26,405,499
1694141969.5043507,0,289,254,1,283,241,2,282,241,3,280,241,4,281,242,5,279,242,6,277,243,7,262,252,8,260,254,9,287,270,10,285,272,11,260,314,12,231,333,13,297,388,14,247,442,15,355,418,16,338,452,18,363,457,19,370,417,20,365,446,22,359,443,23,279,452,24,256,487,26,407,499
1694141969.5543506,0,289,254,1,283,242,2,282,242,3,280,242,4,281,242,5,279,242,6,277,243,7,262,252,8,260,254,9,287,270,10,284,272,11,260,314,12,231,333,13,294,391,14,247,441,15,355,418,16,338,453,17,371,425,18,362,457,19,371,420,20,365,446,21,364,417,22,359,443,23,279,452,24,256,487,26,408,500
1694141969.6043506,0,289,255,1,283,242,2,282,242,3,280,242,4,281,242,5,279,243,6,277,243,7,262,252,8,260,254,9,287,271,10,284,272,11,260,314,12,231,333,13,293,392,14,247,441,15,355,418,16,337,453,17,371,425,18,362,457,19,372,421,20,365,445,21,365,418,22,359,443,23,279,452,24,256,487,26,408,500
1694141969.6543505,0,290,255,1,283,242,2,282,242,3,280,242,4,282,242,5,280,243,6,277,243,7,262,252,8,260,254,9,287,271,10,285,272,11,260,314,12,231,333,13,291,392,14,246,441,15,354,417,16,336,454,17,371,425,18,361,457,19,372,421,20,364,445,21,365,418,22,358,443,23,279,451,24,256,487,26,408,500
1694141969.7043507,0,291,256,1,284,243,2,283,243,3,281,242,4,282,243,5,280,244,6,278,244,7,263,252,8,260,254,9,288,271,10,285,273,11,260,313,12,231,333,13,291,391,14,246,441,15,354,420,16,336,454,17,370,425,18,361,457,19,371,422,20,364,445,21,365,420,22,358,443,23,280,450,24,256,487,26,408,500
1694141969.7543507,0,291,257,1,284,243,2,283,243,3,281,243,4,283,244,5,281,244,6,279,245,7,263,252,8,260,254,9,288,271,10,286,273,11,260,313,12,231,333,13,291,391,14,246,441,15,353,421,16,336,454,17,369,426,18,361,457,19,370,425,20,364,445,21,364,421,22,358,443,23,280,450,24,257,487,26,408,500
1694141969.8043506,0,292,257,1,285,243,2,283,243,3,282,243,4,283,244,5,281,245,6,279,245,7,263,252,8,260,254,9,288,272,10,286,273,11,260,313,12,231,333,13,291,390,14,245,441,15,352,421,16,336,454,17,369,426,18,361,457,19,370,426,20,364,445,21,364,423,22,358,443,23,281,450,24,257,487,26,407,501
1694141969.8543506,0,293,260,1,286,246,2,284,246,3,283,245,4,284,247,5,282,248,6,280,248,7,263,253,8,261,256,9,289,274,10,286,274,11,259,313,12,231,334,13,290,391,14,245,441,15,350,427,16,336,453,17,367,432,18,361,457,19,368,432,20,364,446,21,361,428,22,358,443,23,281,451,24,257,487,26,407,501
1694141969.9043505,0,295,261,1,289,247,2,287,246,3,285,246,4,287,248,5,285,248,6,283,249,7,265,254,8,263,256,9,290,274,10,288,275,11,259,313,12,231,334,13,289,393,14,246,441,15,350,428,16,337,453,17,367,434,18,361,457,19,367,431,20,363,446,21,360,429,22,358,443,23,281,453,24,257,487,26,407,500
1694141969.9543507,0,297,261,1,290,247,2,288,247,3,286,246,4,289,248,5,287,248,6,284,249,7,265,254,8,265,256,9,291,274,10,289,275,11,258,314,12,232,334,13,288,394,14,246,441,15,349,428,16,337,452,17,366,434,18,361,457,19,367,432,20,363,446,21,360,429,22,357,443,23,281,454,24,257,487,26,407,499
1694141970.0043507,0,297,261,1,290,247,2,289,247,3,287,247,4,289,248,5,287,249,6,285,249,7,266,254,8,265,256,9,292,275,10,290,275,11,258,314,12,232,334,13,288,395,14,246,441,15,349,428,16,338,452,17,366,435,18,361,457,19,367,433,20,363,446,21,360,430,22,357,443,23,281,454,24,258,487,26,407,499
1694141970.0543506,0,298,263,1,291,249,2,290,249,3,288,248,4,290,250,5,288,250,6,285,251,7,267,255,8,266,257,9,292,276,10,290,277,11,258,314,12,232,334,13,302,380,14,246,441,15,349,428,16,338,452,17,366,436,18,361,457,19,367,433,20,363,446,21,360,430,22,357,443,23,281,455,24,258,487,26,406,499
1694141970.1043506,0,298,264,1,292,249,2,291,249,3,289,249,4,290,250,5,288,251,6,285,251,7,269,255,8,266,258,9,293,277,10,290,278,11,260,314,12,232,334,13,310,373,14,246,442,15,349,428,16,338,452,17,366,436,18,361,457,19,367,434,20,363,446,21,359,431,22,357,443,23,281,455,24,258,487,26,406,499
1694141970.1543505,0,298,264,1,292,249,2,291,249,3,289,249,4,290,250,5,288,251,6,285,251,7,270,256,8,266,258,9,293,277,10,290,278,11,261,314,12,232,334,13,312,371,14,246,442,15,349,429,16,338,452,17,366,436,18,361,457,19,367,434,20,363,446,21,359,431,22,357,443,23,281,454,24,258,487,26,406,499
1694141970.2043507,0,298,264,1,292,249,2,291,249,3,290,249,4,290,250,5,288,251,6,285,251,7,270,256,8,267,258,9,293,277,10,290,278,11,261,314,12,232,334,13,312,371,14,246,442,15,349,429,16,338,452,17,366,436,18,361,457,19,367,434,20,363,446,21,359,431,22,357,443,23,281,454,24,258,487,26,406,499
1694141970.2543507,0,298,265,1,292,250,2,291,249,3,290,249,4,290,251,5,288,251,6,285,251,7,270,256,8,266,258,9,293,277,10,290,279,11,261,314,12,232,334,13,312,372,14,246,442,15,349,429,16,338,452,17,366,436,18,361,457,19,366,434,20,363,446,21,359,431,22,357,443,23,281,454,24,258,487,26,406,499
1694141970.3043506,0,297,265,1,292,250,2,291,250,3,289,249,4,290,251,5,287,251,6,285,252,7,270,256,8,266,259,9,293,277,10,290,279,11,261,314,12,232,335,13,314,369,14,247,442,15,348,429,16,338,451,17,365,436,18,361,457,19,365,434,20,363,446,21,355,430,22,357,443,23,281,454,24,257,487,26,406,499
1694141970.3543506,0,296,265,1,292,250,2,291,250,3,289,249,4,289,251,5,287,251,6,284,252,7,270,256,8,266,259,9,293,278,10,290,279,11,261,314,12,231,336,13,315,368,14,247,442,15,347,429,16,338,451,17,364,435,18,361,457,19,362,432,20,363,446,21,354,430,22,357,443,23,281,454,24,257,487,26,406,498
1694141970.4043505,0,296,265,1,291,250,2,291,250,3,289,249,4,289,251,5,287,252,6,284,252,7,270,256,8,266,259,9,293,278,10,290,279,11,261,314,12,231,336,13,316,361,14,247,442,15,346,424,16,338,451,17,364,435,18,361,457,19,361,431,20,363,446,21,353,430,22,357,443,23,281,453,24,257,487,26,406,498
1694141970.4543507,0,296,265,1,291,250,2,291,250,3,289,249,4,289,251,5,287,251,6,284,252,7,270,256,8,266,259,9,293,278,10,290,279,11,261,315,12,231,336,13,317,363,14,247,442,15,344,423,16,338,451,17,362,435,18,361,457,19,360,430,20,363,446,21,350,429,22,356,443,23,281,453,24,257,487,26,406,498
1694141970.5043507,0,296,264,1,291,249,2,291,249,3,289,249,4,289,250,5,287,251,6,284,252,7,270,256,8,266,259,9,293,278,10,290,279,11,262,315,12,231,336,13,329,347,14,247,442,15,315,355,16,338,451,17,313,362,18,361,457,19,305,353,20,363,446,21,303,355,22,356,443,23,281,453,24,257,487,26,406,497
1694141970.5543506,0,296,264,1,291,249,2,291,249,3,289,249,4,289,250,5,287,251,6,284,252,7,270,257,8,266,259,9,293,277,10,290,279,11,262,315,12,231,336,13,325,353,14,248,442,15,314,354,16,337,451,17,312,361,18,361,457,19,304,352,20,363,446,21,301,354,22,356,443,23,281,453,24,257,486,26,406,497
1694141970.6043506,0,296,264,1,291,249,2,291,249,3,289,249,4,289,250,5,287,251,6,284,252,7,270,257,8,266,259,9,293,277,10,290,279,11,263,315,12,231,336,13,323,355,14,248,442,15,317,359,16,337,451,17,317,367,18,361,457,19,309,358,20,363,446,21,306,359,22,356,443,23,281,453,24,257,486,26,406,497
1694141970.6543505,0,296,263,1,292,247,2,291,248,3,290,248,4,290,249,5,287,250,6,285,251,7,271,256,8,267,259,9,293,277,10,290,279,11,263,315,12,231,336,13,333,341,14,248,442,15,309,348,16,337,451,17,305,354,18,361,457,19,296,346,20,362,446,21,295,348,22,356,443,23,281,453,24,257,486,26,405,497
1694141970.7043507,0,298,259,1,293,245,2,292,245,3,291,245,4,291,246,5,289,247,6,286,248,7,272,255,8,269,258,9,294,275,10,291,277,11,264,315,12,232,335,13,325,342,14,248,442,15,315,364,16,337,451,17,317,372,18,361,457,19,311,363,20,362,447,21,308,364,22,355,443,23,281,453,24,257,486,26,405,497
1694141970.7543507,0,298,258,1,293,244,2,292,244,3,291,244,4,291,245,5,289,246,6,286,247,7,272,255,8,269,258,9,295,275,10,291,276,11,264,315,12,233,334,13,322,362,14,248,442,15,331,410,16,336,451,17,334,402,18,361,457,19,324,392,20,362,447,21,320,389,22,354,443,23,281,453,24,257,486,26,405,498
1694141970.8043506,0,298,258,1,293,244,2,292,244,3,291,244,4,291,245,5,289,246,6,287,247,7,272,254,8,269,257,9,295,275,10,292,276,11,264,315,12,233,333,13,317,367,14,247,442,15,337,423,16,336,451,17,352,430,18,360,457,19,351,426,20,361,447,21,342,424,22,354,443,23,280,454,24,257,486,26,405,498
1694141970.8543506,0,301,256,1,295,242,2,294,242,3,293,243,4,294,243,5,291,243,6,289,244,7,274,253,8,272,255,9,297,273,10,293,275,11,266,314,12,235,333,13,317,362,14,247,441,15,334,391,16,335,451,17,341,407,18,360,457,19,334,397,20,361,447,21,330,395,22,353,443,23,281,454,24,257,486,26,405,498
1694141970.9043505,0,303,255,1,297,241,2,296,242,3,294,242,4,296,242,5,294,242,6,291,243,7,276,252,8,274,254,9,298,272,10,295,274,11,268,314,12,237,331,13,317,366,14,246,441,15,336,393,16,335,451,17,344,409,18,360,458,19,336,400,20,360,447,21,332,397,22,353,443,23,281,453,24,257,486,26,405,498
1694141970.9543507,0,303,254,1,297,241,2,296,241,3,294,242,4,296,241,5,294,242,6,292,243,7,276,252,8,275,254,9,298,272,10,296,273,11,268,314,12,237,331,13,317,364,14,246,441,15,330,382,16,334,451,17,333,396,18,359,458,19,324,385,20,360,447,21,321,384,22,352,443,23,281,453,24,257,486,26,406,499
1694141971.0043507,0,303,254,1,297,241,2,296,241,3,294,242,4,296,241,5,294,242,6,291,243,7,276,252,8,275,254,9,298,272,10,296,273,11,268,314,12,237,331,13,318,367,14,246,440,15,330,383,16,334,451,17,333,400,18,359,459,19,325,389,20,360,447,22,352,443,23,281,453,24,257,486,26,406,499
1694141971.0543506,0,303,254,1,298,241,2,297,241,3,295,241,4,297,241,5,295,242,6,292,243,7,277,251,8,276,253,9,299,271,10,296,272,11,269,314,12,238,331,13,318,367,14,246,440,15,329,384,16,334,451,17,333,400,18,359,459,19,325,389,20,360,447,22,352,443,23,281,453,24,257,486,26,406,499
1694141971.1043506,0,304,252,1,299,240,2,297,241,3,296,241,4,297,240,5,296,241,6,293,242,7,278,251,8,277,253,9,301,270,10,298,271,11,270,313,12,239,330,13,318,367,14,246,439,15,327,380,16,335,451,18,360,459,20,361,448,22,353,444,23,281,453,24,257,485,26,406,499
1694141971.1543505,0,305,252,1,299,240,2,298,240,3,296,241,4,298,240,5,296,241,6,294,242,7,279,251,8,278,253,9,301,270,10,298,271,11,271,313,12,239,330,13,320,367,14,247,438,15,326,379,16,335,451,18,360,459,20,361,448,22,354,444,23,281,453,24,257,485,26,406,500
1694141971.2043507,0,305,252,1,299,240,2,298,240,3,296,241,4,298,240,5,296,241,6,294,242,7,279,251,8,278,253,9,301,270,10,298,271,11,271,313,12,239,329,13,322,366,14,247,438,15,323,371,16,335,451,18,360,459,20,362,449,22,354,445,23,281,453,24,257,485,26,406,500
1694141971.2543507,0,305,252,1,299,240,2,298,240,3,297,241,4,298,240,5,296,241,6,294,242,7,279,250,8,278,252,9,301,270,10,298,271,11,272,313,12,240,329,13,322,366,14,249,437,15,325,375,16,336,451,18,361,459,20,363,449,22,356,445,23,281,453,24,257,485,26,406,499
1694141971.3043506,0,305,252,1,300,240,2,299,240,3,297,241,4,298,240,5,296,241,6,294,242,7,280,250,8,278,252,9,301,269,10,298,271,11,273,312,12,241,329,13,309,381,14,251,437,15,342,425,16,338,451,18,362,459,20,365,449,22,358,445,23,280,453,24,257,484,26,406,499
1694141971.3543506,0,305,253,1,300,240,2,299,241,3,297,241,4,298,241,5,296,241,6,294,242,7,280,250,8,278,252,9,301,269,10,298,271,11,273,312,12,241,328,13,305,384,14,252,437,16,338,450,18,362,459,20,365,450,22,358,445,23,280,453,24,257,483,26,405,499
1694141971.4043505,0,305,254,1,299,241,2,298,241,3,297,241,4,298,241,5,296,242,6,294,242,7,280,250,8,278,252,9,301,269,10,298,271,11,273,312,12,241,328,13,304,384,14,252,437,16,338,450,18,362,459,20,365,450,22,358,445,23,280,452,24,257,483,26,404,499
1694141971.4543507,0,305,254,1,300,241,2,299,241,3,297,241,4,298,241,5,296,242,6,294,242,7,281,250,8,278,252,9,302,270,10,299,271,11,274,311,12,242,328,13,311,382,14,252,437,16,339,450,18,363,459,20,365,450,22,359,446,23,280,452,24,257,483,26,404,499
1694141971.5043507,0,305,254,1,300,241,2,299,241,3,298,241,4,298,241,5,296,242,6,294,242,7,281,250,8,278,252,9,302,270,10,299,271,11,274,311,12,242,328,13,317,380,14,253,437,16,340,450,18,363,460,20,366,451,22,359,446,23,280,452,24,257,483,26,404,499
1694141971.5543506,0,305,254,1,300,241,2,299,241,3,298,241,4,298,241,5,297,242,6,294,242,7,281,250,8,278,252,9,302,269,10,299,271,11,274,311,12,243,328,13,319,378,14,253,437,16,340,450,18,363,460,20,367,451,22,360,447,23,280,452,24,257,483,26,404,499
1694141971.6043506,0,305,253,1,300,241,2,299,241,3,298,241,4,299,241,5,297,242,6,295,242,7,281,250,8,278,252,9,302,269,10,299,271,11,275,311,12,243,328,13,319,378,14,253,437,16,340,450,18,364,460,20,367,452,22,360,447,23,280,452,24,258,483,26,404,499
1694141971.6543505,0,305,252,1,300,240,2,299,240,3,298,241,4,299,241,5,297,241,6,295,242,7,281,250,8,278,251,9,302,268,10,299,270,11,275,311,12,243,328,13,319,377,14,253,437,16,341,450,18,364,460,20,367,452,22,360,447,23,280,452,24,258,483,26,404,499
1694141971.7043507,0,305,251,1,300,239,2,299,240,3,298,240,4,299,240,5,297,240,6,295,241,7,281,249,8,278,251,9,302,268,10,299,269,11,274,311,12,243,328,13,319,377,14,253,437,16,341,450,18,364,460,20,367,452,22,360,447,23,280,452,24,258,483,26,404,499
1694141971.7543507,0,305,250,1,300,239,2,299,239,3,298,239,4,299,239,5,297,240,6,295,241,7,281,249,8,278,251,9,302,267,10,300,268,11,274,312,12,243,328,13,318,377,14,253,437,15,348,433,16,341,450,18,364,460,20,367,452,22,360,447,23,280,452,24,258,483,26,404,499
1694141971.8043506,0,305,250,1,300,239,2,299,239,3,297,239,4,299,239,5,297,240,6,295,241,7,280,249,8,278,251,9,302,267,10,300,268,11,273,312,12,243,328,13,317,376,14,253,437,15,348,433,16,341,450,18,364,460,20,367,452,22,360,448,23,280,452,24,258,483,26,404,499
1694141971.8543506,0,305,251,1,300,239,2,299,239,3,297,239,4,298,239,5,297,240,6,295,241,7,280,249,8,278,251,9,302,267,10,300,268,11,272,312,12,243,328,13,317,376,14,253,437,15,348,433,16,341,450,18,364,460,20,367,452,22,360,448,23,279,452,24,258,483,26,404,499
1694141971.9043505,0,305,251,1,299,239,2,298,239,3,297,239,4,298,239,5,296,240,6,294,241,7,280,249,8,278,251,9,302,267,10,299,268,11,272,312,12,243,328,13,317,376,14,253,437,15,348,432,16,341,451,18,364,460,20,367,452,22,360,448,23,279,452,24,258,483,26,404,499
1694141971.9543507,0,304,251,1,299,239,2,298,239,3,297,239,4,298,240,5,296,240,6,294,241,7,280,249,8,277,251,9,302,267,10,299,268,11,272,312,12,243,328,13,317,376,14,253,437,16,341,451,18,364,460,20,367,452,22,360,448,23,279,452,24,257,483,26,404,499
1694141972.0043507,0,304,251,1,299,239,2,298,239,3,296,239,4,298,240,5,296,240,6,294,241,7,279,249,8,277,251,9,301,267,10,299,269,11,272,312,12,242,328,13,317,376,14,253,437,16,341,451,18,364,460,20,367,452,22,360,448,23,279,452,24,257,483,26,403,499
1694141972.0543506,0,304,251,1,299,239,2,298,239,3,296,239,4,297,240,5,296,240,6,293,241,7,279,249,8,277,251,9,301,267,10,299,269,11,272,312,12,242,328,13,317,375,14,253,437,16,341,451,18,364,460,20,367,452,22,360,448,23,279,452,24,257,483,26,403,499
1694141972.1043506,0,304,251,1,299,239,2,298,239,3,296,239,4,297,240,5,295,240,6,293,241,7,279,249,8,276,251,9,301,267,10,298,269,11,272,312,12,242,328,13,317,375,14,253,437,16,341,451,18,364,460,20,367,452,22,360,448,23,278,452,24,257,483,26,403,499
1694141972.1543505,0,304,251,1,299,239,2,298,239,3,296,239,4,297,240,5,295,240,6,293,241,7,279,249,8,276,251,9,301,267,10,298,269,11,272,312,12,242,328,13,317,375,14,253,437,16,341,451,18,364,460,20,367,452,22,360,448,23,278,452,24,257,483,26,403,499
1694141972.2043507,0,304,251,1,299,239,2,298,239,3,296,239,4,297,240,5,295,240,6,293,241,7,279,249,8,276,251,9,301,267,10,298,269,11,272,312,12,241,328,13,321,361,14,253,437,16,341,451,18,364,460,20,367,452,22,360,448,23,278,452,24,257,483,26,403,499
1694141972.2543507,0,304,251,1,299,239,2,298,239,3,296,239,4,297,240,5,295,240,6,293,241,7,279,249,8,276,251,9,301,267,10,298,269,11,272,312,12,241,328,13,321,363,14,253,437,16,341,451,18,364,460,20,367,452,22,360,448,23,278,452,24,257,483,26,403,499
1694141972.3043506,0,304,251,1,299,239,2,298,239,3,296,239,4,297,239,5,295,240,6,293,241,7,279,249,8,276,251,9,301,267,10,298,269,11,272,312,12,241,328,13,320,364,14,253,437,16,341,451,18,364,460,20,367,452,22,360,448,23,278,452,24,257,483,26,403,499
1694141972.3543506,0,304,251,1,299,239,2,298,239,3,296,239,4,297,239,5,295,240,6,293,240,7,279,249,8,276,250,9,301,267,10,298,268,11,272,312,12,241,329,13,320,365,14,253,437,16,341,451,18,364,460,20,367,452,22,360,448,23,278,452,24,256,484,26,403,499
1694141972.4043505,0,304,251,1,298,239,2,297,239,3,296,239,4,297,239,5,295,240,6,293,240,7,278,249,8,275,251,9,301,267,10,298,269,11,272,312,12,241,329,13,320,368,14,253,437,16,341,451,18,364,460,20,367,452,22,360,448,23,278,452,24,256,484,26,403,499
1694141972.4543507,0,304,251,1,298,239,2,297,239,3,296,239,4,297,239,5,295,240,6,293,240,7,278,249,8,275,251,9,301,267,10,298,269,11,272,312,12,241,329,13,319,370,14,253,437,16,341,451,18,364,461,20,367,452,22,359,448,23,278,452,24,256,484,26,403,499
1694141972.5043507,0,303,252,1,298,240,2,297,240,3,296,240,4,297,240,5,295,241,6,293,241,7,278,249,8,275,251,9,301,268,10,298,270,11,271,312,12,240,329,13,316,374,14,253,437,16,341,451,18,364,461,20,367,452,22,359,448,23,278,452,24,256,484,26,403,498
1694141972.5543506,0,303,252,1,298,240,2,297,240,3,296,240,4,297,240,5,295,241,6,292,241,7,278,249,8,275,251,9,300,268,10,298,270,11,271,312,12,240,329,13,315,375,14,253,437,16,340,451,18,364,461,20,367,452,22,359,448,23,278,452,24,256,484,26,403,498
1694141972.6043506,0,303,254,1,298,241,2,296,241,3,295,241,4,296,241,5,294,242,6,292,242,7,277,250,8,275,251,9,300,269,10,297,270,11,270,312,12,240,329,13,314,376,14,253,437,16,340,451,18,364,461,20,367,452,22,359,448,23,278,452,24,256,484,26,403,498
1694141972.6543505,0,302,254,1,297,241,2,296,241,3,295,241,4,296,241,5,294,242,6,291,242,7,277,250,8,274,251,9,300,269,10,297,271,11,270,312,12,239,329,13,314,376,14,253,437,15,347,432,16,340,451,18,364,461,20,367,452,22,359,448,23,278,452,24,256,484,26,403,498
1694141972.7043507,0,302,255,1,297,242,2,296,242,3,294,242,4,295,242,5,293,242,6,291,243,7,276,250,8,274,252,9,299,270,10,296,271,11,270,313,12,239,329,13,314,376,14,253,437,15,347,432,16,340,451,18,364,461,20,367,452,22,359,448,23,278,453,24,256,484,26,403,498
1694141972.7543507,0,302,255,1,297,242,2,296,242,3,294,242,4,295,242,5,293,243,6,291,243,7,276,250,8,274,252,9,299,270,10,296,272,11,269,313,12,239,329,13,314,376,14,253,437,15,348,432,16,340,451,18,364,461,20,367,452,22,359,448,23,278,453,24,256,484,26,403,498
1694141972.8043506,0,301,256,1,296,242,2,295,242,3,294,242,4,295,243,5,293,243,6,290,243,7,276,250,8,273,252,9,298,271,10,296,272,11,269,313,12,239,330,13,313,376,14,253,437,15,347,432,16,340,451,18,364,461,20,367,452,22,359,448,23,277,453,24,256,484,26,403,498
1694141972.8543506,0,301,256,1,296,243,2,295,243,3,294,242,4,295,243,5,293,243,6,290,244,7,275,250,8,273,252,9,298,271,10,296,272,11,269,313,12,238,330,13,313,376,14,253,437,15,347,432,16,340,451,18,364,461,20,366,452,22,359,448,23,277,453,24,256,484,26,403,498
1694141972.9043505,0,301,256,1,296,243,2,295,243,3,294,242,4,294,243,5,293,243,6,290,244,7,275,250,8,273,252,9,298,271,10,296,272,11,268,313,12,238,330,13,313,376,14,253,437,15,347,431,16,340,451,18,364,461,20,366,452,22,359,448,23,277,453,24,256,485,26,403,498
1694141972.9543507,0,301,256,1,296,243,2,295,243,3,294,242,4,294,243,5,292,243,6,290,244,7,275,250,8,273,252,9,298,271,10,296,272,11,268,313,12,238,330,13,313,376,14,253,437,15,347,431,16,340,451,18,364,461,20,366,452,22,359,448,23,277,453,24,256,485,26,403,498
1694141973.0043507,0,301,256,1,296,243,2,295,243,3,293,242,4,294,243,5,292,243,6,290,244,7,275,250,8,273,252,9,298,271,10,296,272,11,268,313,12,238,330,13,313,376,14,253,437,15,347,431,16,340,451,18,364,461,20,366,452,22,359,448,23,277,453,24,256,485,26,403,498
1694141973.0543506,0,301,256,1,296,243,2,295,242,3,293,242,4,294,243,5,292,243,6,290,243,7,275,250,8,273,252,9,298,271,10,296,272,11,268,313,12,238,330,13,313,376,14,253,437,15,347,431,16,340,451,18,364,461,20,366,452,22,359,448,23,277,453,24,256,485,26,403,498
1694141973.1043506,0,301,255,1,296,242,2,295,242,3,293,242,4,294,242,5,293,243,6,290,243,7,275,250,8,273,252,9,298,271,10,296,272,11,268,313,12,238,330,13,313,376,14,253,437,15,347,431,16,340,451,18,364,461,20,366,452,22,358,447,23,277,453,24,256,485,26,403,497
1694141973.1543505,0,301,255,1,296,242,2,295,242,3,293,242,4,295,242,5,293,242,6,290,243,7,275,250,8,273,252,9,298,270,10,296,272,11,268,313,12,239,330,13,313,375,14,253,437,15,347,431,16,340,451,18,363,461,20,366,452,22,358,447,23,277,453,24,256,484,26,403,497
1694141973.2043507,0,301,254,1,296,241,2,295,241,3,293,241,4,295,241,5,293,242,6,290,242,7,275,250,8,273,252,9,298,270,10,296,271,11,268,312,12,239,330,13,313,375,14,253,437,15,347,431,16,340,451,18,363,461,20,366,452,22,358,447,23,277,453,24,256,484,26,402,497
1694141973.2543507,0,301,253,1,296,241,2,295,241,3,293,241,4,295,241,5,293,241,6,291,242,7,275,250,8,273,251,9,299,269,10,296,271,11,268,312,12,239,330,13,313,375,14,253,437,15,347,431,16,340,451,18,363,461,20,365,452,22,358,447,23,277,453,24,256,484,26,402,497
1694141973.3043506,0,301,252,1,296,240,2,295,240,3,293,240,4,295,240,5,293,240,6,291,241,7,275,249,8,273,251,9,299,268,10,296,270,11,268,312,12,239,330,13,313,375,14,253,437,15,347,431,16,340,451,18,363,461,20,365,452,22,358,447,23,277,453,24,256,484,26,402,497
1694141973.3543506,0,301,251,1,296,239,2,295,239,3,294,239,4,295,240,5,293,240,6,291,241,7,275,249,8,273,251,9,299,268,10,296,270,11,268,312,12,239,329,13,313,375,14,252,437,15,347,431,16,340,451,18,363,461,20,365,452,22,358,447,23,277,453,24,256,484,26,402,497
1694141973.4043505,0,302,251,1,296,239,2,295,239,3,294,239,4,295,239,5,293,240,6,291,240,7,275,249,8,273,251,9,299,268,10,296,270,11,268,312,12,239,329,13,314,374,14,252,437,15,346,429,16,340,451,18,363,461,20,365,452,22,358,447,23,277,453,24,256,484,26,402,497
1694141973.4543507,0,302,251,1,296,239,2,295,239,3,294,239,4,295,239,5,293,240,6,291,240,7,275,249,8,273,251,9,299,268,10,296,270,11,268,312,12,239,329,13,314,374,14,252,437,15,346,429,16,340,451,18,363,461,20,365,452,22,358,447,23,277,453,24,256,484,26,402,497
1694141973.5043507,0,302,251,1,296,239,2,295,239,3,294,239,4,295,239,5,293,240,6,291,240,7,275,249,8,273,251,9,299,268,10,296,269,11,268,312,12,239,330,13,314,374,14,252,437,15,346,429,16,339,451,18,363,461,20,365,452,22,358,447,23,277,453,24,256,484,26,402,496
1694141973.5543506,0,302,251,1,296,239,2,295,239,3,294,239,4,295,239,5,293,240,6,291,240,7,275,249,8,273,251,9,299,267,10,296,269,11,268,312,12,239,330,13,314,374,14,252,437,15,346,429,16,339,451,18,363,461,20,365,452,22,358,447,23,277,453,24,256,484,26,402,496
1694141973.6043506,0,302,250,1,296,239,2,295,239,3,294,239,4,295,239,5,293,240,6,291,240,7,275,249,8,273,251,9,299,267,10,296,269,11,268,312,12,239,330,13,313,375,14,252,437,15,346,429,16,339,451,18,363,461,20,365,452,22,358,447,23,277,453,24,256,484,26,402,496
1694141973.6543505,0,302,250,1,296,239,2,295,239,3,294,239,4,295,239,5,293,240,6,291,240,7,275,249,8,273,251,9,299,267,10,296,269,11,268,313,12,239,330,13,313,375,14,252,437,15,346,429,16,339,451,18,363,461,20,365,452,22,358,447,23,277,453,24,256,484,26,402,496
1694141973.7043507,0,302,250,1,296,239,2,295,239,3,294,239,4,295,239,5,293,240,6,291,240,7,276,249,8,274,251,9,299,267,10,296,269,11,268,313,12,239,329,13,313,375,14,252,437,15,346,430,16,339,451,18,363,461,20,365,452,22,358,447,23,277,453,24,256,484,26,403,496
1694141973.7543507,0,302,250,1,296,239,2,295,239,3,294,239,4,295,239,5,293,240,6,291,240,7,276,249,8,274,251,9,299,267,10,296,269,11,268,313,12,239,329,13,313,376,14,252,437,15,346,430,16,339,451,18,363,461,20,365,452,22,358,447,23,277,454,24,256,485,26,404,496
1694141973.8043506,0,302,250,1,296,239,2,295,239,3,294,239,4,295,239,5,293,240,6,291,240,7,276,249,8,274,251,9,299,267,10,296,269,11,268,313,12,239,329,13,312,377,14,252,437,15,346,430,16,339,451,18,363,461,20,365,452,22,358,447,23,277,454,24,256,485,26,404,496
1694141973.8543506,0,302,250,1,296,239,2,295,239,3,294,239,4,295,239,5,293,240,6,291,240,7,276,249,8,274,251,9,299,267,10,296,269,11,268,314,12,239,329,13,311,378,14,252,437,15,346,430,16,339,451,18,363,461,20,365,452,22,358,447,23,277,454,24,256,485,26,404,496
1694141973.9043505,0,302,251,1,296,239,2,295,239,3,294,239,4,295,239,5,293,240,6,291,240,7,276,249,8,274,251,9,299,267,10,296,269,11,267,314,12,239,329,13,310,379,14,252,437,15,346,430,16,339,451,18,363,461,20,365,452,22,358,447,23,277,455,24,256,485,26,404,496
1694141973.9543507,0,302,251,1,296,239,2,295,239,3,294,239,4,295,239,5,293,240,6,291,240,7,276,249,8,274,250,9,299,267,10,296,269,11,267,314,12,239,329,13,309,379,14,252,437,15,346,431,16,339,451,18,363,461,20,365,452,22,358,447,23,277,455,24,256,485,26,404,496
1694141974.0043507,0,302,251,1,296,239,2,295,239,3,294,239,4,295,239,5,293,240,6,291,240,7,276,249,8,274,250,9,299,267,10,296,269,11,267,314,12,239,329,13,302,385,14,252,437,15,346,431,16,339,451,18,363,461,20,365,452,22,358,447,23,277,455,24,256,485,26,404,496
1694141974.0543506,0,302,251,1,296,239,2,295,239,3,294,239,4,295,239,5,293,240,6,291,240,7,276,249,8,274,250,9,299,267,10,296,269,11,267,314,12,239,329,13,300,386,14,253,437,15,346,431,16,339,451,18,363,461,20,365,452,22,358,447,23,277,455,24,256,485,26,405,496
1694141974.1043506,0,302,251,1,296,239,2,295,239,3,294,239,4,295,239,5,293,240,6,291,240,7,276,249,8,274,250,9,299,267,10,296,269,11,267,314,12,240,329,13,299,387,14,253,437,15,346,431,16,339,451,18,363,461,20,365,452,22,357,447,23,277,455,24,256,485,26,405,496
1694141974.1543505,0,302,251,1,296,239,2,295,239,3,294,239,4,295,239,5,293,240,6,291,240,7,276,249,8,274,250,9,299,267,10,296,269,11,267,314,12,240,329,13,299,387,14,253,437,16,339,451,18,363,461,20,365,452,22,357,447,23,277,455,24,256,485,26,405,496
1694141974.2043507,0,302,251,1,296,239,2,295,239,3,294,239,4,295,239,5,293,240,6,291,240,7,276,249,8,274,250,9,299,267,10,296,269,11,266,315,12,240,329,13,298,387,14,253,437,16,339,451,18,363,461,20,365,452,22,357,447,23,277,455,24,256,485,26,406,496
1694141974.2543507,0,302,251,1,296,239,2,295,239,3,294,239,4,295,239,5,294,240,6,291,240,7,276,249,8,274,250,9,299,267,10,297,269,11,266,315,12,241,329,13,304,384,14,253,437,15,345,431,16,339,451,18,363,461,20,365,452,22,357,447,23,277,456,24,256,485,26,406,496
1694141974.3043506,0,302,251,1,297,239,2,295,239,3,294,239,4,295,239,5,294,240,6,291,240,7,276,249,8,274,250,9,299,267,10,297,269,11,266,315,12,241,329,13,307,382,14,253,437,15,345,431,16,339,451,18,363,461,20,365,452,22,357,447,23,277,456,24,256,485,26,406,495
1694141974.3543506,0,302,251,1,297,239,2,295,239,3,294,239,4,295,239,5,294,240,6,291,240,7,276,249,8,274,250,9,299,267,10,297,269,11,266,315,12,241,329,13,308,381,14,253,438,15,345,431,16,339,451,18,363,461,20,365,452,22,357,447,23,277,456,24,256,485,26,406,495
1694141974.4043505,0,302,251,1,297,239,2,296,239,3,294,239,4,295,239,5,294,240,6,292,240,7,276,249,8,275,250,9,300,267,10,297,269,11,266,315,12,242,329,13,309,380,14,253,438,15,345,431,16,339,451,18,363,461,20,365,452,22,357,447,23,277,456,24,257,485,26,406,495
1694141974.4543507,0,302,251,1,297,239,2,296,239,3,294,239,4,296,239,5,294,240,6,292,240,7,277,249,8,275,250,9,300,267,10,297,269,11,266,315,12,242,330,13,310,380,14,253,438,15,346,431,16,339,451,18,363,461,20,365,452,22,357,447,23,277,456,24,257,485,26,406,495
1694141974.5043507,0,303,251,1,297,239,2,296,239,3,294,239,4,296,239,5,294,240,6,292,240,7,277,249,8,275,251,9,300,267,10,297,269,11,266,315,12,243,330,13,310,380,14,253,438,15,346,431,16,339,451,18,363,461,20,365,452,22,357,447,23,277,455,24,257,485,26,406,495
1694141974.5543506,0,303,251,1,297,239,2,296,239,3,295,239,4,296,239,5,294,240,6,292,240,7,277,249,8,276,251,9,300,267,10,297,269,11,266,315,12,243,330,13,310,380,14,254,438,15,346,431,16,339,451,18,363,461,20,365,452,22,357,447,23,276,455,24,257,485,26,406,496
1694141974.6043506,0,303,251,1,297,239,2,296,239,3,295,239,4,296,239,5,294,240,6,292,240,7,277,249,8,276,251,9,300,267,10,297,269,11,266,315,12,243,330,13,314,372,14,254,438,15,340,405,16,339,451,18,363,461,20,365,452,22,358,447,23,276,455,24,257,485,26,405,496
1694141974.6543505,0,303,251,1,297,239,2,296,239,3,295,239,4,296,239,5,294,240,6,292,240,7,277,249,8,276,251,9,300,267,10,298,269,11,266,315,12,243,330,13,313,373,14,254,438,15,342,419,16,339,451,18,363,461,20,365,452,22,358,447,23,276,455,24,257,485,26,405,496
1694141974.7043507,0,303,251,1,297,239,2,296,239,3,295,239,4,296,239,5,294,240,6,292,240,7,277,249,8,276,251,9,301,267,10,298,269,11,266,315,12,243,330,13,313,374,14,254,438,15,343,425,16,339,451,18,363,461,20,365,452,22,358,447,23,276,455,24,257,485,26,405,496
1694141974.7543507,0,303,251,1,297,239,2,296,239,3,295,239,4,296,239,5,295,240,6,292,240,7,277,249,8,276,251,9,301,267,10,298,268,11,266,315,12,244,330,13,313,374,14,254,438,15,344,428,16,339,451,18,363,461,20,365,452,22,358,447,23,276,454,24,257,485,26,405,496
1694141974.8043506,0,304,250,1,297,239,2,296,239,3,295,239,4,297,239,5,295,240,6,293,240,7,277,249,8,277,251,9,302,267,10,299,268,11,266,315,12,244,330,13,314,375,14,254,438,15,344,430,16,339,451,18,363,461,20,365,452,22,358,447,23,276,454,24,257,485,26,405,496
1694141974.8543506,0,305,250,1,298,239,2,296,239,3,295,239,4,297,239,5,295,240,6,293,240,7,277,249,8,277,251,9,302,266,10,300,267,11,266,315,12,244,331,13,314,374,14,253,438,15,344,430,16,339,451,18,363,461,20,365,452,22,358,447,23,276,454,24,257,485,26,405,496
1694141974.9043505,0,305,250,1,298,239,2,296,239,3,295,239,4,297,239,5,295,240,6,293,240,7,277,249,8,277,251,9,303,266,10,301,267,11,266,315,12,244,331,13,316,372,14,253,438,15,344,430,16,340,451,18,363,461,20,365,452,22,358,447,23,276,454,24,257,485,26,406,497
1694141974.9543507,0,305,250,1,298,239,2,296,239,3,295,239,4,297,239,5,295,240,6,293,240,7,277,249,8,277,251,9,303,266,10,301,267,11,266,315,12,244,331,13,316,372,14,253,438,15,344,430,16,340,451,18,363,461,20,365,452,22,358,447,23,276,454,24,257,485,26,406,497
1694141975.0043507,0,306,251,1,298,240,2,297,240,3,295,240,4,298,240,5,296,241,6,294,241,7,277,250,8,277,251,9,303,266,10,302,267,11,266,315,12,244,331,13,316,373,14,253,438,15,344,431,16,340,452,18,363,461,20,365,452,22,358,448,23,276,454,24,257,486,26,406,497
1694141975.0543506,0,309,255,1,302,241,2,300,241,3,299,241,4,301,242,5,299,242,6,297,243,7,279,250,8,278,252,9,305,269,10,303,270,11,268,315,12,244,331,13,316,375,14,253,438,15,344,433,16,340,452,18,363,461,20,365,452,22,358,448,23,276,454,24,257,486,26,406,497
1694141975.1043506,0,310,256,1,303,243,2,302,242,3,300,242,4,302,243,5,300,244,6,298,244,7,280,251,8,279,252,9,306,270,10,304,271,11,268,314,12,243,331,13,316,378,14,253,438,15,344,434,16,340,452,18,363,461,20,365,452,22,358,448,23,276,454,24,257,486,26,406,497
1694141975.1543505,0,311,257,1,304,243,2,302,243,3,301,243,4,303,244,5,301,244,6,298,245,7,280,251,8,279,253,9,306,271,10,304,271,11,269,314,12,243,331,13,316,379,14,252,438,15,344,434,16,340,452,18,363,461,20,365,452,22,358,448,23,276,454,24,257,486,26,406,498
1694141975.2043507,0,314,258,1,307,244,2,305,244,3,303,244,4,305,245,5,303,245,6,301,246,7,282,252,8,282,253,9,308,272,10,305,273,11,270,314,12,242,331,13,316,377,14,252,438,15,344,434,16,340,452,18,363,461,20,365,452,22,358,448,23,277,453,24,257,486,26,405,498
1694141975.2543507,0,316,259,1,309,245,2,307,245,3,305,245,4,307,246,5,305,246,6,303,247,7,284,252,8,283,254,9,308,274,10,306,274,11,273,312,12,242,331,13,318,373,14,252,438,15,344,434,16,340,452,18,363,461,20,366,452,22,358,448,23,278,453,24,257,486,26,406,499
1694141975.3043506,0,316,260,1,309,246,2,308,246,3,306,246,4,308,247,5,306,247,6,303,247,7,285,252,8,284,254,9,309,275,10,306,275,11,274,311,12,242,331,13,318,373,14,252,438,15,344,434,16,340,452,18,363,461,20,366,452,22,359,448,23,279,453,24,257,486,26,406,499
1694141975.3543506,0,316,260,1,309,246,2,307,246,3,305,246,4,307,246,5,305,247,6,303,247,7,284,252,8,283,254,9,308,275,10,305,276,11,275,310,12,242,330,13,299,391,14,252,438,16,341,452,18,364,462,20,366,452,22,359,448,23,280,453,24,257,486,26,406,499
1694141975.4043505,0,316,260,1,308,246,2,307,246,3,305,246,4,307,246,5,305,247,6,302,247,7,284,252,8,283,254,9,308,276,10,305,276,11,276,310,12,242,330,13,295,395,14,253,438,16,341,452,18,364,462,20,367,453,22,360,448,23,281,452,24,258,486,26,406,499
1694141975.4543507,0,315,259,1,308,245,2,306,244,3,304,244,4,307,245,5,305,245,6,302,245,7,283,251,8,283,253,9,308,274,10,305,275,11,275,310,12,242,329,13,290,396,14,253,438,16,341,453,18,364,462,20,367,453,22,360,448,23,281,452,24,258,486,26,406,499
1694141975.5043507,0,315,256,1,308,242,2,306,242,3,304,242,4,307,243,5,305,243,6,302,243,7,283,250,8,282,252,9,308,272,10,305,272,11,275,310,12,243,328,13,290,397,14,253,438,16,341,453,18,364,462,20,367,453,22,360,448,23,281,452,24,258,486,26,406,499
1694141975.5543506,0,314,254,1,306,241,2,305,241,3,302,241,4,306,242,5,304,242,6,301,242,7,282,248,8,282,250,9,307,271,10,305,271,11,271,310,12,243,328,14,253,438,16,341,453,18,364,462,20,367,453,22,361,448,23,280,453,24,258,486,26,407,499
1694141975.6043506,0,313,253,1,305,241,2,304,241,3,301,241,4,305,241,5,303,241,6,301,241,7,281,248,8,281,249,9,307,270,10,305,270,11,269,310,12,243,328,14,252,439,16,342,453,18,365,462,20,367,452,22,361,448,23,280,453,24,258,487,26,407,499
1694141975.6543505,0,311,255,1,304,242,2,302,242,3,300,242,4,303,242,5,301,242,6,299,242,7,280,248,8,279,249,9,305,271,10,302,271,11,269,310,12,242,328,14,252,439,16,341,453,18,365,462,20,367,452,22,361,448,23,280,453,24,258,487,26,407,498
1694141975.7043507,0,311,256,1,303,243,2,302,243,3,300,242,4,303,243,5,301,243,6,299,243,7,279,248,8,279,249,9,304,271,10,302,271,11,269,310,12,242,328,14,252,439,16,341,453,18,365,462,20,367,452,22,361,448,23,280,453,24,258,487,26,407,497
1694141975.7543507,0,310,257,1,303,243,2,301,243,3,299,243,4,303,243,5,301,243,6,298,243,7,279,248,8,279,249,9,303,271,10,301,272,11,268,310,12,241,328,14,251,439,16,340,453,18,364,462,20,366,452,22,360,448,23,280,453,24,258,486,26,406,496
1694141975.8043506,0,310,257,1,303,244,2,301,243,3,299,243,4,302,244,5,301,244,6,298,244,7,279,248,8,279,249,9,303,272,10,301,272,11,267,310,12,241,328,14,251,439,16,340,453,18,364,462,20,366,452,22,360,448,23,280,453,24,258,486,26,406,495
1694141975.8543506,0,310,260,1,304,247,2,303,247,3,301,246,4,304,247,5,302,247,6,299,247,7,281,250,8,279,251,9,303,275,10,301,275,11,267,311,12,240,328,14,251,440,16,340,453,18,364,462,20,367,452,22,360,448,23,280,454,24,257,486,26,404,495
1694141975.9043505,0,310,262,1,305,249,2,304,249,3,302,248,4,304,249,5,302,249,6,300,249,7,282,251,8,280,253,9,303,277,10,301,277,11,266,313,12,240,328,14,250,440,16,340,453,18,364,462,20,367,452,22,361,448,23,279,455,24,257,486,26,403,495
1694141975.9543507,0,315,266,1,311,252,2,310,252,3,308,252,4,310,252,5,308,252,6,305,251,7,287,253,8,285,254,9,305,281,10,302,281,11,267,313,12,241,328,14,250,440,16,340,453,18,364,462,20,367,452,22,361,448,23,280,456,24,257,487,26,403,496
1694141976.0043507,0,316,267,1,314,254,2,312,253,3,310,253,4,312,253,5,310,253,6,307,252,7,289,254,8,287,255,9,305,282,10,302,282,11,268,313,12,242,328,14,250,440,16,340,453,18,364,462,20,367,452,22,361,448,23,280,457,24,258,487,26,403,496
1694141976.0543506,0,319,270,1,318,256,2,316,255,3,315,255,4,316,255,5,313,255,6,310,254,7,293,255,8,289,256,9,307,284,10,304,284,11,269,313,12,242,328,14,250,440,16,341,453,18,365,462,20,369,453,22,362,449,23,282,456,24,259,487,26,404,498
1694141976.1043506,0,320,271,1,319,257,2,318,257,3,316,256,4,317,256,5,314,256,6,311,255,7,294,256,8,290,257,9,308,285,10,304,285,11,272,313,12,242,328,14,251,440,16,341,453,18,366,462,20,370,453,22,363,449,23,283,456,24,259,487,26,404,499
1694141976.1543505,0,322,270,1,320,256,2,319,256,3,317,255,4,318,256,5,316,255,6,313,255,7,295,256,8,292,257,9,311,284,10,307,284,11,276,312,12,243,328,14,253,440,16,342,453,18,367,462,20,371,453,22,364,449,23,284,455,24,259,487,26,404,499
1694141976.2043507,0,322,270,1,320,256,2,319,255,3,317,255,4,319,255,5,316,255,6,313,254,7,296,256,8,293,257,9,311,284,10,308,284,11,277,312,12,244,328,14,254,440,16,344,453,18,369,463,20,373,453,22,366,449,23,285,455,24,260,487,26,405,500
1694141976.2543507,0,322,269,1,320,255,2,318,255,3,317,254,4,318,255,5,316,255,6,313,254,7,295,256,8,292,257,9,311,284,10,308,284,11,277,313,12,244,328,14,254,440,16,345,453,18,369,463,20,374,454,22,366,450,23,286,455,24,260,487,26,405,500
1694141976.3043506,0,322,269,1,320,255,2,318,255,3,316,254,4,318,255,5,316,254,6,313,254,7,295,256,8,292,257,9,311,283,10,308,283,11,277,313,12,244,328,14,254,440,15,346,435,16,345,453,18,370,463,19,365,443,20,374,454,22,367,450,23,286,455,24,260,487,26,405,500
1694141976.3543506,0,321,268,1,318,255,2,317,254,3,315,254,4,316,255,5,314,254,6,311,254,7,293,256,8,289,257,9,311,283,10,307,283,11,276,313,12,244,328,14,255,440,15,346,435,16,344,453,17,363,445,18,369,463,19,365,443,20,374,454,22,367,450,23,286,455,24,260,487,26,405,500
1694141976.4043505,0,320,268,1,317,254,2,316,254,3,314,254,4,315,254,5,313,254,6,310,254,7,292,256,8,288,257,9,310,283,10,307,283,11,275,313,12,244,329,14,255,440,15,346,435,16,344,453,17,362,445,18,369,463,19,364,443,20,374,454,21,357,440,22,366,450,23,286,455,24,260,487,26,405,500
1694141976.4543507,0,314,266,1,309,253,2,308,253,3,307,252,4,307,253,5,305,253,6,302,253,7,287,255,8,281,257,9,307,281,10,303,281,11,274,313,12,240,329,14,254,440,15,346,435,16,343,453,17,362,445,18,369,463,19,364,443,20,373,454,21,357,440,22,366,450,23,286,455,24,260,487,26,405,500
1694141976.5043507,0,311,266,1,307,252,2,306,252,3,304,252,4,305,253,5,303,253,6,300,253,7,285,255,8,279,257,9,305,280,10,301,281,11,273,312,12,238,330,14,253,440,15,345,435,16,342,453,17,362,445,18,368,463,19,364,443,20,372,454,21,357,440,22,364,450,23,286,455,24,259,486,26,405,500
1694141976.5543506,0,305,264,1,301,250,2,300,250,3,299,250,4,299,251,5,296,251,6,293,251,7,278,254,8,272,256,9,299,279,10,295,280,11,268,312,12,234,330,14,251,440,15,343,435,16,339,453,17,359,445,18,365,463,19,361,443,20,369,454,21,353,439,22,361,450,23,284,455,24,258,486,26,405,500
1694141976.6043506,0,303,261,1,298,248,2,297,248,3,296,247,4,296,249,5,294,249,6,291,249,7,276,253,8,270,256,9,298,277,10,294,278,11,267,312,12,232,330,14,249,440,15,340,435,16,337,453,17,358,445,18,363,463,19,359,443,20,366,453,21,351,439,22,359,449,23,284,455,24,258,486,26,405,499
1694141976.6543505,0,297,260,1,292,247,2,291,247,3,290,247,4,289,248,5,286,248,6,283,249,7,269,253,8,260,256,9,293,276,10,288,277,11,265,312,12,225,331,14,247,440,15,338,435,16,334,453,17,354,444,18,360,462,19,355,442,20,364,453,21,348,439,22,356,449,23,284,454,24,257,486,26,404,499
1694141976.7043507,0,297,253,1,290,242,2,289,241,3,288,241,4,288,242,5,286,243,6,283,244,7,267,250,8,261,254,9,292,270,10,288,271,11,263,312,12,226,331,14,247,440,15,338,435,16,334,453,17,354,444,18,360,462,19,355,442,20,363,453,21,348,439,22,356,449,23,284,454,24,257,486,26,404,499
