1694141959.3043506,0,550,265,1,554,259,2,555,259,3,556,259,4,553,259,5,554,259,6,555,260,7,572,261,8,570,262,9,557,273,10,556,273,11,597,310,12,588,306,13,584,387,15,528,423,17,514,437,19,507,432,21,512,428,23,624,417,24,616,403,25,545,445
1694141959.3543506,0,551,267,1,555,259,2,556,259,3,558,259,4,554,259,5,554,260,6,555,260,7,573,261,8,570,262,9,559,275,10,557,276,11,601,311,12,585,310,13,593,389,15,528,423,17,514,437,19,507,432,21,512,428,23,616,432,24,603,430,25,486,450
1694141959.4043505,0,551,267,1,555,258,2,557,258,3,558,257,4,554,259,5,554,259,6,555,259,7,574,260,8,570,260,9,559,275,10,557,276,11,605,311,12,585,310,13,596,393,15,528,424,17,514,437,19,507,432,21,511,428,23,610,447,24,598,437,25,481,451
1694141959.4543507,0,551,267,1,555,258,2,557,257,3,559,257,4,554,258,5,555,258,6,555,258,7,575,259,8,571,258,9,560,276,10,557,277,11,605,311,12,590,308,13,595,394,15,528,429,17,515,443,19,507,437,21,511,433,23,608,446,24,599,436,25,482,461
1694141959.5043507,0,551,267,1,555,257,2,557,257,3,559,256,4,554,258,5,555,258,6,556,257,7,575,258,8,571,257,9,560,276,10,557,277,11,606,311,12,595,308,13,597,396,15,528,431,17,515,446,19,507,439,21,511,435,23,608,452,24,600,441,25,484,464
1694141959.5543506,0,551,267,1,555,257,2,557,256,3,560,255,4,554,257,5,555,257,6,555,256,7,576,256,8,572,256,9,560,277,10,557,278,11,608,311,12,596,308,13,598,396,15,528,433,17,515,447,19,507,440,21,511,436,23,609,458,24,598,446,25,486,466
1694141959.6043506,0,550,267,1,554,256,2,556,255,3,559,254,4,552,256,5,553,256,6,554,255,7,576,255,8,572,254,9,559,276,10,557,278,11,608,311,12,595,308,13,597,402,15,527,437,17,513,452,19,505,445,21,509,441,23,608,463,24,596,449,25,485,468
1694141959.6543505,0,550,268,1,553,256,2,556,255,3,558,254,4,551,256,5,552,256,6,552,255,7,576,255,8,571,255,9,559,278,10,557,279,11,608,316,12,594,308,13,598,410,15,528,444,17,513,460,19,505,454,21,509,449,23,609,467,24,592,445,25,486,475
1694141959.7043507,0,549,267,1,553,256,2,555,255,3,558,254,4,550,256,5,550,256,6,551,255,7,576,255,8,570,254,9,559,278,10,556,279,11,608,317,12,594,308,13,598,411,15,529,446,17,513,461,19,505,454,21,510,449,23,609,470,24,591,446,25,487,474
1694141959.7543507,0,549,268,1,553,256,2,555,255,3,558,254,4,549,256,5,549,256,6,549,256,7,575,255,8,568,255,9,559,278,10,556,279,11,608,317,12,592,308,13,601,412,15,529,446,17,513,462,19,505,455,21,510,450,23,608,471,24,589,447,25,487,475
1694141959.8043506,0,547,269,1,550,256,2,553,255,3,556,255,4,546,257,5,546,256,6,547,256,7,574,255,8,567,255,9,559,279,10,555,280,11,610,320,12,589,308,13,606,420,15,531,454,17,515,469,19,506,462,21,510,457,23,609,472,24,588,445,25,483,477
1694141959.8543506,0,544,270,1,546,257,2,549,256,3,552,255,4,543,257,5,543,257,6,543,256,7,570,256,8,562,255,9,556,281,10,552,282,11,610,323,12,584,308,13,610,425,15,534,456,17,516,471,19,508,464,21,512,458,23,609,472,24,586,443,25,479,482
1694141959.9043505,0,543,270,1,545,257,2,547,256,3,551,255,4,541,257,5,541,257,6,541,257,7,569,256,8,560,256,9,555,281,10,551,282,11,611,324,12,580,308,13,609,426,15,534,456,17,516,472,19,508,464,21,513,458,23,609,472,24,585,442,25,479,480
1694141959.9543507,0,542,270,1,544,257,2,547,256,3,550,256,4,541,257,5,541,257,6,541,257,7,569,256,8,559,256,9,554,281,10,550,282,11,611,324,12,579,309,13,609,426,15,535,456,17,517,471,19,509,463,21,513,457,23,609,472,24,586,443,25,478,478
1694141960.0043507,0,539,270,1,542,257,2,544,256,3,548,255,4,538,257,5,538,257,6,539,256,7,567,256,8,559,256,9,551,281,10,547,282,11,611,325,12,577,308,13,609,428,15,534,458,17,517,475,19,509,467,21,513,460,23,609,471,24,584,442,25,479,483
1694141960.0543506,0,534,270,1,538,256,2,541,256,3,543,255,4,535,256,5,535,256,6,536,255,7,563,256,8,557,255,9,545,281,10,541,281,11,608,326,12,574,308,13,608,429,15,534,459,17,517,478,19,509,469,21,513,462,23,609,471,24,583,442,25,478,492
1694141960.1043506,0,533,270,1,537,256,2,540,256,3,543,255,4,534,256,5,534,256,6,535,255,7,563,256,8,556,255,9,544,281,10,540,281,11,607,326,12,573,308,13,608,431,15,534,460,17,516,478,19,509,469,21,513,462,23,609,472,24,583,442,25,478,493
1694141960.1543505,0,530,268,1,534,256,2,537,255,3,539,255,4,531,255,5,531,255,6,532,254,7,559,256,8,553,255,9,540,280,10,536,280,11,605,325,12,572,308,13,608,430,15,534,460,17,516,478,19,509,469,21,513,462,23,609,472,24,583,442,25,477,490
1694141960.2043507,0,530,268,1,534,256,2,536,255,3,539,255,4,531,255,5,531,255,6,531,254,7,559,256,8,553,255,9,541,280,10,537,280,11,605,325,12,571,308,13,607,430,15,534,460,17,516,478,19,509,469,21,513,462,23,609,472,24,583,442,25,477,488
1694141960.2543507,0,529,268,1,533,255,2,536,255,3,539,254,4,530,255,5,530,254,6,530,254,7,559,256,8,552,255,9,541,279,10,536,279,11,605,325,12,571,308,13,609,429,15,535,460,17,517,478,19,509,469,21,514,463,23,609,471,24,583,442,25,476,488
1694141960.3043506,0,529,267,1,533,255,2,535,254,3,538,254,4,530,255,5,530,254,6,530,253,7,559,255,8,552,255,9,541,279,10,537,279,11,605,325,12,571,308,13,609,428,15,535,460,17,517,478,19,510,469,21,515,463,23,609,471,24,584,442,25,476,487
1694141960.3543506,0,529,267,1,533,254,2,536,254,3,539,254,4,530,254,5,530,254,6,531,253,7,559,255,8,552,255,9,541,278,10,537,278,11,605,325,12,571,308,13,610,428,15,535,460,17,518,478,19,510,469,21,515,463,23,609,471,24,584,442,25,475,487
1694141960.4043505,0,530,265,1,534,253,2,536,253,3,539,252,4,530,253,5,530,253,6,531,252,7,559,254,8,552,254,9,541,277,10,537,277,11,606,324,12,572,309,13,611,428,15,536,460,17,519,478,19,511,469,21,516,463,23,609,472,24,582,448,25,474,484
1694141960.4543507,0,532,264,1,537,251,2,539,251,3,542,250,4,533,251,5,533,251,6,534,250,7,562,252,8,555,252,9,543,275,10,539,276,11,612,321,12,572,308,13,615,425,15,538,459,17,521,477,19,512,469,21,518,462,23,610,471,24,582,447,25,474,484
1694141960.5043507,0,532,262,1,538,250,2,540,249,3,544,249,4,535,250,5,535,249,6,536,249,7,564,251,8,557,251,9,544,274,10,540,274,11,615,320,12,572,307,13,616,424,15,539,459,17,523,477,19,513,469,21,518,462,23,610,471,24,581,447,25,483,488
1694141960.5543506,0,536,259,1,543,246,2,546,246,3,549,246,4,540,246,5,540,246,6,541,246,7,568,250,8,562,249,9,546,271,10,542,272,11,615,319,12,573,307,13,616,421,15,539,456,17,524,475,19,515,467,21,519,459,23,610,470,24,581,446,25,484,488
1694141960.6043506,0,537,258,1,544,245,2,547,245,3,550,244,4,542,245,5,542,245,6,544,244,7,569,249,8,564,248,9,547,270,10,544,271,11,615,319,12,574,307,13,616,420,15,539,455,17,524,474,19,515,466,21,519,458,23,610,470,24,581,445,25,486,488
1694141960.6543505,0,540,256,1,548,244,2,551,243,3,554,243,4,547,244,5,548,244,6,549,243,7,572,249,8,568,248,9,549,268,10,546,269,11,615,317,12,577,306,13,616,414,15,539,442,17,524,464,19,515,452,21,519,444,23,611,470,24,582,445,25,488,487
1694141960.7043507,0,542,255,1,550,243,2,553,243,3,555,243,4,548,244,5,549,243,6,551,243,7,573,249,8,568,247,9,551,268,10,548,268,11,615,316,12,578,306,13,616,412,15,539,438,17,525,460,19,515,448,21,520,440,23,612,468,24,582,444,25,489,487
1694141960.7543507,0,543,256,1,550,244,2,552,244,3,555,244,4,548,244,5,549,244,6,551,244,7,572,248,8,569,247,9,551,268,10,549,268,11,614,313,12,583,307,13,615,406,15,535,424,17,520,441,19,511,435,21,514,430,23,613,468,24,588,449,25,488,468
1694141960.8043506,0,543,256,1,550,244,2,552,244,3,555,244,4,549,244,5,550,244,6,551,244,7,572,248,8,569,247,9,551,268,10,549,268,11,614,311,12,584,308,13,615,404,15,533,421,17,518,438,19,509,432,21,512,428,23,613,467,24,590,451,25,488,464
1694141960.8543506,0,543,256,1,550,244,2,552,244,3,554,244,4,548,245,5,549,245,6,550,244,7,572,248,8,568,247,9,552,268,10,549,268,11,614,310,12,585,309,13,615,403,15,529,414,17,511,427,19,505,420,21,510,416,23,615,466,24,593,452,25,488,455,29,503,539,31,436,539
1694141960.9043505,0,543,256,1,549,245,2,552,244,3,554,244,4,548,245,5,549,245,6,550,245,7,572,248,8,568,247,9,552,268,10,549,268,11,614,310,12,586,309,13,615,403,15,529,413,17,509,426,19,505,418,21,509,414,23,616,465,24,595,451,25,488,454,29,502,539,31,434,539
1694141960.9543507,0,543,258,1,549,247,2,551,247,3,554,246,4,548,248,5,549,248,6,550,247,7,571,249,8,568,249,9,552,269,10,549,269,11,613,308,12,587,309,13,611,399,15,526,412,17,507,425,19,502,417,21,508,414,23,617,462,24,597,451,25,489,451,27,483,539,29,501,539,31,432,539
1694141961.0043507,0,544,260,1,549,248,2,551,248,3,554,247,4,547,249,5,548,249,6,549,249,7,571,249,8,568,249,9,552,269,10,550,270,11,613,308,12,588,309,13,609,399,15,525,413,17,507,425,19,502,417,21,507,414,23,617,461,24,597,451,25,489,451,27,484,539,29,501,539,31,433,539
1694141961.0543506,0,544,261,1,549,249,2,551,249,3,553,248,4,547,250,5,548,250,6,549,250,7,570,250,8,567,250,9,552,270,10,550,271,11,611,307,12,587,309,13,608,397,15,524,413,17,507,426,19,501,419,21,507,415,23,617,459,24,597,450,25,488,452,27,485,539,29,504,539,31,434,539
1694141961.1043506,0,544,262,1,549,250,2,551,250,3,553,249,4,547,251,5,548,250,6,549,250,7,569,251,8,566,251,9,552,271,10,550,272,11,610,307,12,587,309,13,607,397,15,525,414,17,507,426,19,502,419,21,507,415,23,616,460,24,597,450,25,487,453,27,485,539,29,505,539,31,436,539
1694141961.1543505,0,544,264,1,548,252,2,550,251,3,552,251,4,547,252,5,548,252,6,549,251,7,569,251,8,566,251,9,552,272,10,550,273,11,610,307,12,587,309,13,606,396,15,525,414,17,507,426,19,502,419,21,507,415,23,616,460,24,597,450,25,487,453,27,485,539,29,505,539,31,436,539
1694141961.2043507,0,543,266,1,548,253,2,549,253,3,551,252,4,547,253,5,548,253,6,549,253,7,568,252,8,566,252,9,552,274,10,550,275,11,609,307,12,588,309,13,605,397,15,525,419,17,508,436,19,501,428,21,506,424,23,613,461,24,596,452,25,485,454,27,489,539,29,510,539,31,455,539
1694141961.2543507,0,542,266,1,545,253,2,547,253,3,549,252,4,544,253,5,545,253,6,546,253,7,566,252,8,564,252,9,550,274,10,548,275,11,605,307,12,586,309,13,605,399,15,533,435,17,516,454,19,509,442,21,514,436,23,607,462,24,590,451,25,485,476,27,497,539,29,515,539,31,468,539
1694141961.3043506,0,541,266,1,545,253,2,546,252,3,548,252,4,544,253,5,544,253,6,545,252,7,565,252,8,563,252,9,549,274,10,547,275,11,603,309,12,586,309,13,605,401,15,537,437,17,520,457,19,513,444,21,519,438,23,606,463,24,590,451,25,486,481,27,496,539,29,514,539,31,466,539
1694141961.3543506,0,536,265,1,540,253,2,542,252,3,544,252,4,538,253,5,539,252,6,539,252,7,561,252,8,558,252,9,545,274,10,542,274,11,601,310,12,580,309,13,603,403,15,537,444,17,521,463,19,514,452,21,520,445,23,605,465,24,583,449,25,488,492,27,497,539,29,514,539,31,466,539
1694141961.4043505,0,534,265,1,538,252,2,540,252,3,542,251,4,536,253,5,537,252,6,537,252,7,559,252,8,555,252,9,543,274,10,541,274,11,599,310,12,578,309,13,601,404,15,537,444,17,522,464,19,514,454,21,520,446,23,603,465,24,581,448,25,488,491,27,497,539,29,514,539,31,466,539
1694141961.4543507,0,529,264,1,533,252,2,535,252,3,538,251,4,532,252,5,532,252,6,533,252,7,555,252,8,551,252,9,538,273,10,536,274,11,597,313,12,573,309,13,600,409,15,537,449,17,522,466,19,513,457,21,519,450,23,602,466,24,575,444,25,488,491,27,498,539,29,516,539,31,467,539
1694141961.5043507,0,528,264,1,532,252,2,534,252,3,536,251,4,530,252,5,531,252,6,532,251,7,554,252,8,550,252,9,537,273,10,535,274,11,596,313,12,573,308,13,600,411,15,536,448,17,521,466,19,513,456,21,518,449,23,601,467,24,574,444,25,487,490,27,498,539,29,516,539,31,465,539
1694141961.5543506,0,524,264,1,529,252,2,531,252,3,533,251,4,527,252,5,528,252,6,529,251,7,551,252,8,547,252,9,535,273,10,532,274,11,594,315,12,570,308,13,600,414,15,534,452,17,518,468,19,511,459,21,516,452,23,601,468,24,574,444,25,485,490,27,498,539,29,515,539,31,465,539
1694141961.6043506,0,523,263,1,528,252,2,530,251,3,532,251,4,526,251,5,526,251,6,527,251,7,550,252,8,546,252,9,533,273,10,531,273,11,594,315,12,569,308,13,600,415,15,533,452,17,518,468,19,511,460,21,516,453,23,600,468,24,574,443,25,484,490,27,498,539,29,515,539,31,464,539
1694141961.6543505,0,521,263,1,526,252,2,528,251,3,531,251,4,524,251,5,524,251,6,525,251,7,548,252,8,543,252,9,532,273,10,529,274,11,592,317,12,566,308,13,598,417,15,530,453,17,513,469,19,507,460,21,513,453,23,600,468,24,573,442,25,483,491,27,496,539,29,514,539,31,461,539
1694141961.7043507,0,521,263,1,526,252,2,528,251,3,530,251,4,524,251,5,524,251,6,525,251,7,548,252,8,544,252,9,531,273,10,529,274,11,592,319,12,566,308,13,596,419,15,528,455,17,511,471,19,506,462,21,511,455,23,600,468,24,574,442,25,483,492,27,496,539,29,514,539,31,460,539
1694141961.7543507,0,520,263,1,525,252,2,527,251,3,529,251,4,523,251,5,523,251,6,524,251,7,547,253,8,543,252,9,531,273,10,528,274,11,590,319,12,565,308,13,591,421,15,524,456,17,507,473,19,502,465,21,507,457,23,601,468,24,574,442,25,484,492,27,495,539,29,513,539,31,460,539
1694141961.8043506,0,520,263,1,525,251,2,527,251,3,530,251,4,522,251,5,523,251,6,524,250,7,547,253,8,542,252,9,530,273,10,527,274,11,590,319,12,564,308,13,591,421,15,523,457,17,506,474,19,501,465,21,506,458,23,601,468,24,574,442,25,484,492,29,513,539,31,460,539
1694141961.8543506,0,519,264,1,523,252,2,525,251,3,528,251,4,521,251,5,522,251,6,522,251,7,546,253,8,541,252,9,529,274,10,526,274,11,588,319,12,564,308,13,591,421,15,523,457,17,506,474,19,500,465,21,505,458,23,601,468,24,575,442,25,484,493,29,516,539,31,464,539
1694141961.9043505,0,518,265,1,522,252,2,524,252,3,526,252,4,520,252,5,520,252,6,521,251,7,544,253,8,540,252,9,527,275,10,525,275,11,588,319,12,563,308,13,590,421,15,522,458,17,505,475,19,500,465,21,505,458,23,601,468,24,575,442,25,484,493,29,518,539,31,466,539
1694141961.9543507,0,517,266,1,521,253,2,523,253,3,526,252,4,519,253,5,519,252,6,520,252,7,544,254,8,539,253,9,527,276,10,524,276,11,587,320,12,563,308,13,590,422,15,522,458,17,505,475,19,500,465,21,504,458,23,601,469,24,575,442,25,484,493,29,518,539,31,465,539
1694141962.0043507,0,517,266,1,521,254,2,523,253,3,525,253,4,518,253,5,519,253,6,520,252,7,543,254,8,539,253,9,526,276,10,524,276,11,587,320,12,562,308,13,591,421,15,522,457,17,505,475,19,499,465,21,503,458,23,601,469,24,575,443,25,484,493,29,517,539,31,465,539
1694141962.0543506,0,517,267,1,521,254,2,523,254,3,525,253,4,518,254,5,519,253,6,519,253,7,543,254,8,538,253,9,527,277,10,524,277,11,587,320,12,562,308,13,591,422,15,522,457,17,505,474,19,498,465,21,503,457,23,601,469,24,575,443,25,485,493,31,465,539
1694141962.1043506,0,517,267,1,520,254,2,523,254,3,525,253,4,518,254,5,519,254,6,519,253,7,542,254,8,538,253,9,527,277,10,524,277,11,587,320,12,561,308,13,591,422,15,521,456,17,505,474,19,498,465,21,503,457,23,602,470,24,575,444,25,485,493
1694141962.1543505,0,517,268,1,521,255,2,523,254,3,525,253,4,518,255,5,519,254,6,520,254,7,542,254,8,538,254,9,527,277,10,524,278,11,588,319,12,562,308,13,590,420,15,508,433,17,488,446,19,484,435,21,489,431,23,602,470,24,575,446,25,485,486,31,465,539
1694141962.2043507,0,517,268,1,521,256,2,523,255,3,525,254,4,519,256,5,519,256,6,520,255,7,543,254,8,538,254,9,527,278,10,524,278,11,589,319,12,562,310,13,586,420,15,489,399,17,466,400,19,464,390,21,472,389,23,603,471,24,575,449,25,485,476,29,519,539,31,460,539
1694141962.2543507,0,517,269,1,521,257,2,523,256,3,526,255,4,519,257,5,519,257,6,520,256,7,543,254,8,539,255,9,528,279,10,524,279,11,590,319,12,562,311,13,583,420,15,485,395,17,463,396,19,461,386,21,468,386,23,603,472,24,575,450,25,484,474,27,499,539,29,518,539,31,454,539
1694141962.3043506,0,518,270,1,521,258,2,524,257,3,526,256,4,519,258,5,519,257,6,520,257,7,544,255,8,539,256,9,529,279,10,525,280,11,590,319,12,563,312,13,583,421,15,487,394,17,463,396,19,461,386,21,469,385,23,603,472,24,576,451,25,484,472,27,497,539,29,517,539,31,454,539
1694141962.3543506,0,518,271,1,521,258,2,524,257,3,526,256,4,519,258,5,520,258,6,520,257,7,544,255,8,539,256,9,529,280,10,525,280,11,592,319,12,558,312,13,561,402,15,471,364,17,449,361,19,448,352,21,455,352,23,603,473,24,572,451,25,485,473,27,497,539,29,517,539,31,456,539
1694141962.4043505,0,520,271,1,524,258,2,526,257,3,529,256,4,521,258,5,521,258,6,522,257,7,547,256,8,541,256,9,531,280,10,527,280,11,594,317,12,558,312,13,544,388,15,458,350,17,435,349,19,434,338,21,441,337,23,604,473,24,573,450,25,485,475,29,516,539,31,457,539
1694141962.4543507,0,521,271,1,525,258,2,527,257,3,530,256,4,522,258,5,522,258,6,523,257,7,548,256,8,543,256,9,532,280,10,528,280,11,595,317,12,558,311,13,542,386,15,456,350,17,434,348,19,433,337,21,440,337,23,604,472,24,573,450,25,485,476,29,516,539
1694141962.5043507,0,522,271,1,525,258,2,528,257,3,531,256,4,522,258,5,523,258,6,524,257,7,549,256,8,544,256,9,533,280,10,528,280,11,595,316,12,558,310,13,542,386,15,456,349,17,434,348,19,432,337,21,439,336,23,604,472,24,573,450,25,485,476,29,517,539
1694141962.5543506,0,522,268,1,527,256,2,529,255,3,532,254,4,523,256,5,524,255,6,524,255,7,550,255,8,544,255,9,533,277,10,529,277,11,595,315,12,555,310,13,537,382,15,453,343,17,431,341,19,430,329,21,437,329,23,603,472,24,573,449,25,484,477,29,517,539
1694141962.6043506,0,522,266,1,527,254,2,529,253,3,532,253,4,524,254,5,524,254,6,524,253,7,551,254,8,544,254,9,533,275,10,529,276,11,595,314,12,553,309,13,537,382,15,451,341,17,430,339,19,428,328,21,435,328,23,603,472,24,572,448,25,484,478,29,517,539
1694141962.6543505,0,522,266,1,527,253,2,529,253,3,532,252,4,524,253,5,524,253,6,524,252,7,551,253,8,544,253,9,533,274,10,529,275,11,595,314,12,552,308,13,536,381,15,451,341,17,429,338,19,427,328,21,434,327,23,603,472,24,572,448,25,483,478,29,517,539
1694141962.7043507,0,522,265,1,527,253,2,529,252,3,532,251,4,524,253,5,524,253,6,524,252,7,550,253,8,544,253,9,533,274,10,528,274,11,595,314,12,552,308,13,535,381,15,451,341,16,447,343,17,429,339,18,422,340,19,427,328,20,421,332,21,434,328,22,430,332,23,603,472,24,572,447,25,483,479,29,517,539
1694141962.7543507,0,522,265,1,527,253,2,529,252,3,532,251,4,524,253,5,524,253,6,525,252,7,550,253,8,544,252,9,533,274,10,528,274,11,595,314,12,552,307,13,535,383,15,450,343,16,445,344,17,428,341,18,420,342,19,426,330,20,419,334,21,433,330,22,429,334,23,603,472,24,572,447,25,483,480,29,516,539
1694141962.8043506,0,521,265,1,526,252,2,529,251,3,531,251,4,523,252,5,524,252,6,524,251,7,549,253,8,544,252,9,531,274,10,527,274,11,593,314,12,552,307,13,536,385,15,451,346,16,445,346,17,428,344,18,422,344,19,426,333,20,420,336,21,433,333,22,429,336,23,603,472,24,572,447,25,483,478,29,516,539
1694141962.8543506,0,521,264,1,526,252,2,528,251,3,531,251,4,523,252,5,524,251,6,524,251,7,549,253,8,544,252,9,531,274,10,527,274,11,593,315,12,552,307,13,537,385,15,451,347,16,445,347,17,428,345,18,422,345,19,426,334,20,420,337,21,433,334,22,429,337,23,603,472,24,571,447,25,484,477,29,516,539
1694141962.9043505,0,520,264,1,526,252,2,528,251,3,531,251,4,523,252,5,523,251,6,524,251,7,549,253,8,544,252,9,531,274,10,527,274,11,592,315,12,551,308,13,536,386,15,451,347,16,445,347,17,428,344,18,423,345,19,426,333,20,420,337,21,433,333,22,429,337,23,603,472,24,571,447,25,484,477,29,516,539
1694141962.9543507,0,515,265,1,520,252,2,523,252,3,525,251,4,517,252,5,518,252,6,518,251,7,543,253,8,537,253,9,525,275,10,521,275,11,589,314,12,548,308,13,535,386,15,448,347,16,442,346,17,427,345,18,420,345,19,424,335,20,419,336,21,431,334,22,427,336,23,603,472,24,571,446,25,484,477,29,518,539
1694141963.0043507,0,507,265,1,513,252,2,515,252,3,518,251,4,510,252,5,511,252,6,511,251,7,536,253,8,531,253,9,517,275,10,513,275,11,582,314,12,544,308,13,529,384,15,444,347,16,441,347,17,422,346,18,420,346,19,419,335,20,416,338,21,427,335,22,426,338,23,603,472,24,571,446,25,485,480,29,519,539
1694141963.0543506,0,505,266,1,510,253,2,512,252,3,515,252,4,508,253,5,508,253,6,509,252,7,533,253,8,528,253,9,515,275,10,512,276,11,579,313,12,543,308,13,527,383,15,442,347,16,439,347,17,421,345,18,418,346,19,418,336,20,414,338,21,425,335,22,424,338,23,603,472,24,571,446,25,485,482,29,519,539
1694141963.1043506,0,504,267,1,509,254,2,511,254,3,514,253,4,506,254,5,507,254,6,508,253,7,533,254,8,528,254,9,515,277,10,511,277,11,579,314,12,542,308,13,527,384,15,443,347,16,438,347,17,421,346,18,416,347,19,417,336,20,413,339,21,424,335,22,421,339,23,602,472,24,570,446,25,485,482,29,519,539
1694141963.1543505,0,498,268,1,502,255,2,505,254,3,507,253,4,500,255,5,501,254,6,502,254,7,526,254,8,522,254,9,508,278,10,504,278,11,571,314,12,539,308,13,516,382,15,433,347,16,434,348,17,411,346,18,412,347,19,408,336,20,408,339,21,415,335,22,417,339,23,602,472,24,570,447,25,485,484,29,519,539
1694141963.2043507,0,489,269,1,493,256,2,495,255,3,497,255,4,491,256,5,491,256,6,492,255,7,516,255,8,511,255,9,498,278,10,494,279,11,558,314,12,534,310,13,501,372,15,420,345,16,423,346,17,399,343,18,403,344,19,396,335,20,398,338,21,403,335,22,405,338,23,602,472,24,571,447,25,485,487,29,519,539
1694141963.2543507,0,485,270,1,490,257,2,492,257,3,495,256,4,488,258,5,489,257,6,490,256,7,514,256,8,510,256,9,494,280,10,491,281,11,556,314,12,531,312,13,502,370,15,419,343,16,421,346,17,396,341,18,401,344,19,393,334,20,396,338,21,400,334,22,405,340,23,601,472,24,572,448,25,484,489,29,521,539
1694141963.3043506,0,484,271,1,490,258,2,492,258,3,495,257,4,488,258,5,489,258,6,490,257,7,513,258,8,509,257,9,494,281,10,491,281,11,553,314,12,531,313,13,501,365,15,418,341,16,422,346,17,395,340,18,399,344,19,392,333,20,395,338,21,398,333,22,403,340,23,601,471,24,574,448,25,484,490,29,523,539
1694141963.3543506,0,477,274,1,481,262,2,484,261,3,486,260,4,480,261,5,481,261,6,483,260,7,506,260,8,503,260,9,486,283,10,484,284,11,542,314,12,527,315,13,488,357,15,404,339,16,412,347,17,384,337,18,390,344,19,380,330,20,386,342,21,385,330,22,394,342,23,600,471,24,574,448,25,482,494
1694141963.4043505,0,470,276,1,475,264,2,477,263,3,479,263,4,474,264,5,476,263,6,478,262,7,498,262,8,496,262,9,479,284,10,477,285,11,525,315,12,522,315,13,471,354,15,391,335,16,396,341,17,369,332,18,382,341,19,366,326,20,387,365,21,373,328,22,392,368,23,594,471,24,574,448,25,478,498
1694141963.4543507,0,468,277,1,473,265,2,476,265,3,478,264,4,472,265,5,473,265,6,475,264,7,496,263,8,492,263,9,478,285,10,475,286,11,526,315,12,520,316,13,472,355,15,390,334,17,371,330,18,389,365,19,368,324,20,381,347,21,374,326,22,384,347,23,593,470,24,574,448,25,479,499
1694141963.5043507,0,468,277,1,474,265,2,476,264,3,478,263,4,472,265,5,473,264,6,475,264,7,497,263,8,493,263,9,478,285,10,475,286,11,522,317,12,523,316,13,470,358,15,391,332,17,371,327,19,369,322,21,376,324,23,590,470,24,577,449,25,472,497
1694141963.5543506,0,463,277,1,469,265,2,471,265,3,473,264,4,467,266,5,468,265,6,469,264,7,491,263,8,487,263,9,472,285,10,469,286,11,516,317,12,516,316,13,460,353,15,378,330,17,359,325,19,357,320,21,363,322,23,587,470,24,574,449,25,469,499
1694141963.6043506,0,458,279,1,463,267,2,465,266,3,467,265,4,462,267,5,464,266,6,465,265,7,484,265,8,482,265,9,467,286,10,465,287,11,505,316,12,514,316,13,445,351,15,366,328,17,347,322,19,346,318,21,353,321,23,584,469,24,570,448,25,468,504
1694141963.6543505,0,456,280,1,462,268,2,464,267,3,466,266,4,461,268,5,462,267,6,463,266,7,485,266,8,482,265,9,466,287,10,463,288,11,505,316,12,513,316,13,443,352,15,364,327,17,346,322,19,344,317,21,348,320,23,583,469,24,569,448,25,465,504
1694141963.7043507,0,454,280,1,460,267,2,463,267,3,465,266,4,459,267,5,460,267,6,461,266,7,483,265,8,480,265,9,464,287,10,462,288,11,502,316,12,513,315,13,433,352,15,353,325,17,336,319,19,334,314,21,340,317,23,581,469,24,569,449,25,462,502
1694141963.7543507,0,453,282,1,458,270,2,460,269,3,462,268,4,456,270,5,457,270,6,459,269,7,480,267,8,478,268,9,463,289,10,461,289,11,498,317,12,510,317,13,424,349,15,340,324,17,320,316,19,322,313,21,326,317,23,578,468,24,568,450,25,462,504
1694141963.8043506,0,451,284,1,456,271,2,458,271,3,460,270,4,455,272,5,456,271,6,457,270,7,479,269,8,476,270,9,460,290,10,459,291,11,496,318,12,509,318,13,425,348,15,338,324,17,310,317,19,317,312,21,321,316,23,578,469,24,567,452,25,463,506
1694141963.8543506,0,451,285,1,456,272,2,458,271,3,460,270,4,454,272,5,455,272,6,457,271,7,477,270,8,474,270,9,460,291,10,458,292,11,495,318,12,508,319,13,422,348,15,334,324,17,312,316,19,313,312,21,317,316,23,578,469,24,567,454,25,463,508
1694141963.9043505,0,449,285,1,454,272,2,457,271,3,459,270,4,453,272,5,454,271,6,456,271,7,477,270,8,474,270,9,459,291,10,457,292,11,495,318,12,505,319,13,425,349,15,338,323,17,316,316,19,315,313,21,321,316,23,579,469,24,569,453,25,464,508
1694141963.9543507,0,448,287,1,452,274,2,454,273,3,457,272,4,451,275,5,451,274,6,452,274,7,474,271,8,470,272,9,459,293,10,456,294,11,498,317,12,499,320,13,423,349,15,330,323,17,308,315,19,309,312,21,313,315,23,579,469,24,569,453,25,464,507
1694141964.0043507,0,446,291,1,450,277,2,452,275,3,454,274,4,448,278,5,449,277,6,450,276,7,471,272,8,467,274,9,457,296,10,454,297,11,493,318,12,498,321,13,418,349,15,326,322,17,303,314,19,302,311,21,306,314,23,579,470,24,568,456,25,465,509
1694141964.0543506,0,445,290,1,449,277,2,451,275,3,453,274,4,447,278,5,448,277,6,448,277,7,471,272,8,466,274,9,455,296,10,453,297,11,491,318,12,494,322,13,408,346,15,319,317,17,296,305,19,296,303,21,301,308,23,578,471,24,568,457,25,465,511
1694141964.1043506,0,443,290,1,448,276,2,450,275,3,453,274,4,446,277,5,447,277,6,448,276,7,470,272,8,466,274,9,453,295,10,451,297,11,492,318,12,491,322,13,408,345,15,318,316,17,296,302,19,297,299,21,302,306,23,579,471,24,564,458,25,469,514
1694141964.1543505,0,441,289,1,445,276,2,447,275,3,450,273,4,443,277,5,444,276,6,445,276,7,468,272,8,463,274,9,451,295,10,448,296,11,490,318,12,488,322,13,404,342,15,315,313,17,295,296,19,296,295,21,300,302,23,579,471,24,564,458,25,469,513
1694141964.2043507,0,439,289,1,444,275,2,446,274,3,449,273,4,442,277,5,442,276,6,443,275,7,466,272,8,461,273,9,450,295,10,446,296,11,488,318,12,486,322,13,397,341,15,306,312,17,283,295,19,286,291,21,291,299,23,579,471,24,565,458,25,470,513
1694141964.2543507,0,439,289,1,443,275,2,446,274,3,448,273,4,441,276,5,442,276,6,443,275,7,466,271,8,461,273,9,450,295,10,446,296,11,488,317,12,487,322,13,399,340,15,306,312,17,286,292,19,284,291,21,291,298,23,579,471,24,565,458,25,470,514
1694141964.3043506,0,438,289,1,443,275,2,445,274,3,448,272,4,441,276,5,441,276,6,442,275,7,465,271,8,460,273,9,449,294,10,446,296,11,487,317,12,486,322,13,399,339,15,307,312,17,286,292,19,286,290,21,292,298,23,579,471,24,565,457,25,470,514
1694141964.3543506,0,439,290,1,443,276,2,445,274,3,448,273,4,441,278,5,441,277,6,441,277,7,465,271,8,459,274,9,449,295,10,446,297,11,486,315,12,484,322,13,394,337,15,306,311,17,287,293,19,288,291,21,294,299,23,579,470,24,564,457,25,470,515
1694141964.4043505,0,438,292,1,442,277,2,444,275,3,447,273,4,440,279,5,440,278,6,440,278,7,464,271,8,458,274,9,449,297,10,446,299,11,485,315,12,483,322,13,388,334,15,294,301,17,275,283,19,282,281,21,289,290,23,579,469,24,563,457,25,471,516
1694141964.4543507,0,438,292,1,441,277,2,443,275,3,446,273,4,439,279,5,439,278,6,440,277,7,463,271,8,457,274,9,448,297,10,445,299,11,483,315,12,484,322,13,390,332,15,294,299,17,275,282,19,283,280,21,290,288,23,579,468,24,563,456,25,473,517
1694141964.5043507,0,438,292,1,441,277,2,443,275,3,446,273,4,439,278,5,439,278,6,439,277,7,462,271,8,457,274,9,448,297,10,445,299,11,483,315,12,484,322,13,390,332,15,290,299,17,270,282,19,278,280,21,285,288,23,579,468,24,562,455,25,474,518
1694141964.5543506,0,437,294,1,439,279,2,442,277,3,444,275,4,437,281,5,437,280,6,437,280,7,461,273,8,455,276,9,447,299,10,444,301,11,483,315,12,481,322,13,390,331,15,282,298,17,267,280,19,275,279,21,275,288,23,579,467,24,561,455,25,474,518
1694141964.6043506,0,436,297,1,438,282,2,440,279,3,443,278,4,435,284,5,435,284,6,436,283,7,459,274,8,453,279,9,447,302,10,443,303,11,481,315,12,481,322,13,386,332,15,284,299,17,269,280,19,277,277,21,280,286,23,576,467,24,561,455,25,474,517
1694141964.6543505,0,435,298,1,437,283,2,440,280,3,442,278,4,435,285,5,435,285,6,435,285,7,459,274,8,451,280,9,446,302,10,443,305,11,481,316,12,478,322,13,388,332,15,286,299,17,270,279,19,277,274,21,276,287,23,576,467,24,560,455,25,472,517
1694141964.7043507,0,434,298,1,436,282,2,439,280,3,441,278,4,434,285,5,434,285,6,435,284,7,459,274,8,452,280,9,446,302,10,443,304,11,482,316,12,477,322,13,388,332,15,287,298,17,270,279,19,272,276,21,275,287,23,576,467,24,560,455,25,472,517
1694141964.7543507,0,432,299,1,435,283,2,437,281,3,439,278,4,432,286,5,433,285,6,433,285,7,457,275,8,450,280,9,444,303,10,441,306,11,481,316,12,476,323,13,387,332,15,287,297,17,271,278,19,276,274,21,277,287,23,577,467,24,560,455,25,470,516
1694141964.8043506,0,431,299,1,434,283,2,436,281,3,438,279,4,431,285,5,432,285,6,432,285,7,456,275,8,449,280,9,443,304,10,440,307,11,481,316,12,474,323,13,386,332,15,287,296,17,272,276,19,276,270,21,276,285,23,577,467,24,561,457,25,470,514
1694141964.8543506,0,429,298,1,432,283,2,434,280,3,437,278,4,430,285,5,430,285,6,431,284,7,455,275,8,449,280,9,441,303,10,437,306,11,481,317,12,474,324,13,386,332,15,287,294,17,272,274,19,277,268,21,281,280,23,577,467,24,561,457,25,471,513
1694141964.9043505,0,429,298,1,432,283,2,434,280,3,436,279,4,430,285,5,430,284,6,431,284,7,455,276,8,449,280,9,440,303,10,437,306,11,480,318,12,474,324,13,384,333,15,289,295,17,272,274,19,277,270,21,278,280,23,577,467,24,563,457,25,471,512
1694141964.9543507,0,428,298,1,431,282,2,433,281,3,435,279,4,429,285,5,429,284,6,430,284,7,453,276,8,448,280,9,438,303,10,436,306,11,477,319,12,473,324,13,381,333,15,289,295,17,272,275,19,274,270,21,276,281,23,575,467,24,564,455,25,471,512
1694141965.0043507,0,428,298,1,431,283,2,433,281,3,435,279,4,429,284,5,429,284,6,430,284,7,453,277,8,448,280,9,438,304,10,436,306,11,476,319,12,473,323,13,380,333,15,289,295,17,272,274,19,273,271,21,276,279,23,575,467,24,564,453,25,471,512
1694141965.0543506,0,428,298,1,431,283,2,433,281,3,435,280,4,429,284,5,430,284,6,430,283,7,454,278,8,448,280,9,438,305,10,436,306,11,476,320,12,474,322,13,380,333,15,290,296,17,272,274,19,273,271,21,276,279,23,575,467,24,566,452,25,471,512
1694141965.1043506,0,428,298,1,431,283,2,433,282,3,436,281,4,429,285,5,430,284,6,431,283,7,454,279,8,449,280,9,438,306,10,436,307,11,476,320,12,474,322,13,380,333,15,293,296,17,272,274,19,273,271,21,276,278,23,575,467,24,566,452,25,471,512
1694141965.1543505,0,428,298,1,431,283,2,433,282,3,436,281,4,429,284,5,430,283,6,431,283,7,454,279,8,449,280,9,438,306,10,436,307,11,477,320,12,475,322,13,379,332,15,292,293,17,272,272,19,273,270,21,276,276,23,575,467,24,567,452,25,471,512
1694141965.2043507,0,428,297,1,431,283,2,433,282,3,436,280,4,429,283,5,430,282,6,431,282,7,454,279,8,449,280,9,438,305,10,436,306,11,477,320,12,475,323,13,379,332,15,291,292,17,272,271,19,273,270,21,276,276,23,575,467,24,566,452,25,472,512
1694141965.2543507,0,428,297,1,431,283,2,433,282,3,436,280,4,430,283,5,430,282,6,431,281,7,454,279,8,449,280,9,438,305,10,436,306,11,478,320,12,474,323,13,379,332,15,289,291,17,272,271,19,273,270,21,276,276,23,576,467,24,566,453,25,471,512
1694141965.3043506,0,428,297,1,431,283,2,433,282,3,436,280,4,430,283,5,430,282,6,431,281,7,454,278,8,449,280,9,438,305,10,436,306,11,478,320,12,477,322,13,379,331,15,288,290,17,272,272,19,272,270,21,276,276,23,576,468,24,568,453,25,471,512
1694141965.3543506,0,428,297,1,431,283,2,433,282,3,436,280,4,430,283,5,430,282,6,431,281,7,454,278,8,449,280,9,438,305,10,436,306,11,478,320,12,479,322,13,379,331,15,288,291,17,272,272,19,272,270,21,276,276,23,576,469,24,568,453,25,470,512
1694141965.4043505,0,428,297,1,431,283,2,433,282,3,436,281,4,430,284,5,430,283,6,431,282,7,454,278,8,449,280,9,438,306,10,436,307,11,479,320,12,481,322,13,380,331,15,288,291,17,272,274,19,272,271,21,276,276,23,576,469,24,569,453,25,468,512
1694141965.4543507,0,428,298,1,431,283,2,434,282,3,436,281,4,430,284,5,430,283,6,431,282,7,454,278,8,449,280,9,438,306,10,436,307,11,479,320,12,482,322,13,380,331,15,287,291,17,272,275,19,271,273,21,275,277,23,575,470,24,570,453,25,468,512
1694141965.5043507,0,428,298,1,431,284,2,433,282,3,436,281,4,429,285,5,430,284,6,431,283,7,454,278,8,449,280,9,438,306,10,436,307,11,479,320,12,481,323,13,383,331,15,286,291,17,268,279,19,269,274,21,274,278,23,575,469,24,569,453,25,468,512
1694141965.5543506,0,428,298,1,430,284,2,433,282,3,435,280,4,428,285,5,429,284,6,430,283,7,454,278,8,449,280,9,438,305,10,435,307,11,479,320,12,479,323,13,385,331,15,286,299,17,267,280,19,268,275,21,273,278,23,575,469,24,566,453,25,469,512
1694141965.6043506,0,427,298,1,430,284,2,432,282,3,435,280,4,428,285,5,428,284,6,429,283,7,454,278,8,449,280,9,438,305,10,435,307,11,479,320,12,477,323,13,386,331,15,286,303,17,266,280,19,267,275,21,272,279,23,575,469,24,565,453,25,470,512
1694141965.6543505,0,427,298,1,430,284,2,432,282,3,435,281,4,428,285,5,428,284,6,429,283,7,454,278,8,448,280,9,438,306,10,435,307,11,480,320,12,477,325,13,388,331,15,285,302,17,266,282,19,267,277,21,272,281,23,575,469,24,564,453,25,471,511
1694141965.7043507,0,427,297,1,430,283,2,432,281,3,435,280,4,428,284,5,428,283,6,429,283,7,454,277,8,448,279,9,438,304,10,435,306,11,481,319,12,476,325,13,388,331,15,284,301,17,265,283,19,266,278,21,271,281,23,575,469,24,563,453,25,471,512
1694141965.7543507,0,426,296,1,429,282,2,431,281,3,434,279,4,426,283,5,427,282,6,427,282,7,453,277,8,447,279,9,437,303,10,433,304,11,481,319,12,473,325,13,388,332,15,284,301,17,265,286,19,265,281,21,271,283,23,577,468,24,560,453,25,471,512
1694141965.8043506,0,426,295,1,429,281,2,431,280,3,434,279,4,426,282,5,426,282,6,427,281,7,453,276,8,446,279,9,437,302,10,433,304,11,482,319,12,471,325,13,388,332,15,284,301,17,265,288,19,265,282,21,271,284,23,577,468,24,558,452,25,471,512
1694141965.8543506,0,425,295,1,428,281,2,431,280,3,434,279,4,426,282,5,426,281,6,426,280,7,452,276,8,446,278,9,436,302,10,432,303,11,482,319,12,471,326,13,387,333,15,284,301,17,265,288,19,265,283,21,271,285,23,577,468,24,556,452,25,471,512
1694141965.9043505,0,425,294,1,428,281,2,430,280,3,433,278,4,425,281,5,425,281,6,426,280,7,452,276,8,446,278,9,436,302,10,432,303,11,482,319,12,471,326,13,387,333,15,283,301,17,263,288,19,264,282,21,269,285,23,577,468,24,554,452,25,469,512
1694141965.9543507,0,425,294,1,428,281,2,430,280,3,433,278,4,425,281,5,425,280,6,426,280,7,451,276,8,445,278,9,436,302,10,432,303,11,482,319,12,471,326,13,385,333,15,282,301,17,261,288,19,262,282,21,268,286,23,577,468,24,553,451,25,466,511
1694141966.0043507,0,424,294,1,427,281,2,429,279,3,432,278,4,424,281,5,425,280,6,425,279,7,451,276,8,445,277,9,436,301,10,432,302,11,482,319,12,471,325,13,384,333,15,282,302,17,261,288,19,262,283,21,268,286,23,577,468,24,549,445,25,465,511
1694141966.0543506,0,424,294,1,427,280,2,429,279,3,432,278,4,424,281,5,425,280,6,425,279,7,451,276,8,445,277,9,435,301,10,432,302,11,482,319,12,471,325,13,384,333,15,282,302,17,260,289,19,262,284,21,268,287,23,577,468,24,550,446,25,465,510
1694141966.1043506,0,424,294,1,426,280,2,429,279,3,431,278,4,424,281,5,424,280,6,425,279,7,450,276,8,445,277,9,435,301,10,432,302,11,482,319,12,471,325,13,384,333,15,282,302,17,260,289,19,262,284,21,268,287,23,577,468,24,551,446,25,467,510
1694141966.1543505,0,424,294,1,426,281,2,429,279,3,431,278,4,424,281,5,424,280,6,425,279,7,450,276,8,444,277,9,435,301,10,432,302,11,482,319,12,470,325,13,383,332,15,281,302,17,261,288,19,261,283,21,267,287,23,577,468,24,551,447,25,467,512
1694141966.2043507,0,424,294,1,426,281,2,429,279,3,431,278,4,424,281,5,424,280,6,424,279,7,450,276,8,444,277,9,435,301,10,432,302,11,482,319,12,470,325,13,383,332,15,281,301,17,260,287,19,261,283,21,267,287,23,577,468,24,551,447,25,467,512
1694141966.2543507,0,423,293,1,426,280,2,428,279,3,431,278,4,423,281,5,424,280,6,424,279,7,450,275,8,443,277,9,435,300,10,431,301,11,482,318,12,469,325,13,383,332,15,281,301,17,260,286,19,261,283,21,267,287,23,577,467,24,551,447,25,467,512
1694141966.3043506,0,423,293,1,425,280,2,428,279,3,430,278,4,423,281,5,423,280,6,423,279,7,449,275,8,443,277,9,434,300,10,431,301,11,483,318,12,468,325,13,383,332,15,281,302,17,260,288,19,261,283,21,267,287,23,578,467,24,551,448,25,469,509
1694141966.3543506,0,422,293,1,424,280,2,427,279,3,429,278,4,422,281,5,422,280,6,422,279,7,448,275,8,442,277,9,434,300,10,430,301,11,483,317,12,467,325,13,383,332,15,281,301,17,260,288,19,261,284,21,267,288,23,579,467,24,551,450,25,471,509
1694141966.4043505,0,422,293,1,424,280,2,426,279,3,429,278,4,421,281,5,421,281,6,422,280,7,448,275,8,441,277,9,434,300,10,430,301,11,483,317,12,466,325,13,383,332,15,281,301,17,260,288,19,261,284,21,267,288,23,579,467,24,551,451,25,473,509
1694141966.4543507,0,422,293,1,424,281,2,426,279,3,429,278,4,421,281,5,421,281,6,422,280,7,448,275,8,441,277,9,433,300,10,430,301,11,483,317,12,466,325,13,383,332,15,281,301,17,260,289,19,261,284,21,268,288,23,580,467,24,551,451,25,474,509
1694141966.5043507,0,421,293,1,423,280,2,425,279,3,428,277,4,421,281,5,421,281,6,421,280,7,447,274,8,440,277,9,433,299,10,429,300,11,482,317,12,466,324,13,383,332,15,281,301,17,260,288,19,261,284,21,268,288,23,580,467,24,555,451,25,473,511
1694141966.5543506,0,420,293,1,422,280,2,425,279,3,427,277,4,420,281,5,420,281,6,421,280,7,446,274,8,440,277,9,432,299,10,428,300,11,481,316,12,466,324,13,383,332,15,279,305,17,260,287,19,261,283,21,268,290,23,579,467,24,556,452,25,474,513
1694141966.6043506,0,420,293,1,422,280,2,424,279,3,426,277,4,419,281,5,420,281,6,420,280,7,446,274,8,439,277,9,431,299,10,428,300,11,481,315,12,466,324,13,382,332,15,277,307,17,260,287,19,261,283,21,268,289,23,578,467,24,556,452,25,474,513
1694141966.6543505,0,420,293,1,422,280,2,424,279,3,426,277,4,419,281,5,419,281,6,420,280,7,446,274,8,439,277,9,431,298,10,428,300,11,480,315,12,466,323,13,382,332,15,277,307,17,260,287,19,262,283,21,268,289,23,578,467,24,557,452,25,474,513
1694141966.7043507,0,419,293,1,421,281,2,423,279,3,425,278,4,419,282,5,419,281,6,419,280,7,445,274,8,438,277,9,430,299,10,427,300,11,479,315,12,466,323,13,382,331,15,275,308,17,260,286,19,262,282,21,267,288,23,576,467,24,558,452,25,475,514
1694141966.7543507,0,417,294,1,419,282,2,421,280,3,424,279,4,417,283,5,418,282,6,419,281,7,443,275,8,437,277,9,429,300,10,425,300,11,476,315,12,468,321,13,374,331,15,274,300,17,260,285,19,260,282,21,267,286,23,574,468,24,560,453,25,475,515
1694141966.8043506,0,416,295,1,419,283,2,421,281,3,423,279,4,416,284,5,417,283,6,418,282,7,442,275,8,436,278,9,428,300,10,424,301,11,474,315,12,468,320,13,371,331,15,274,297,17,260,284,19,260,281,21,267,285,23,573,469,24,560,453,25,475,515
1694141966.8543506,0,415,295,1,418,283,2,420,281,3,423,279,4,416,284,5,417,283,6,417,282,7,442,275,8,435,278,9,427,300,10,424,301,11,473,315,12,468,320,13,369,330,15,274,294,17,260,282,19,260,280,21,267,286,23,573,469,24,560,453,25,475,516
1694141966.9043505,0,415,295,1,418,283,2,420,281,3,423,279,4,416,284,5,417,283,6,417,282,7,442,275,8,435,278,9,427,300,10,424,301,11,471,316,12,469,319,13,368,330,15,273,295,17,258,282,19,260,280,21,266,285,23,572,469,24,562,453,25,475,516
1694141966.9543507,0,415,295,1,417,283,2,419,281,3,422,279,4,415,284,5,416,283,6,417,282,7,442,275,8,435,278,9,426,300,10,423,301,11,470,317,12,469,319,13,367,329,15,272,295,17,257,282,19,259,279,21,264,284,23,573,469,24,562,453,25,473,515
1694141967.0043507,0,414,295,1,417,283,2,419,281,3,421,279,4,415,284,5,416,283,6,417,282,7,441,276,8,435,278,9,426,300,10,423,301,11,469,318,12,470,318,13,367,329,15,272,294,17,257,282,19,259,279,21,264,283,23,573,469,24,562,452,25,472,514
1694141967.0543506,0,414,295,1,416,283,2,418,281,3,421,280,4,415,284,5,415,283,6,416,282,7,441,276,8,435,278,9,425,300,10,422,301,11,469,318,12,470,318,13,367,328,15,272,295,17,256,282,19,257,280,21,264,288,23,572,469,24,562,452,25,470,513
1694141967.1043506,0,413,295,1,416,283,2,418,281,3,420,280,4,414,284,5,415,283,6,416,282,7,440,276,8,435,278,9,425,300,10,422,301,11,469,318,12,469,318,13,368,326,15,272,294,17,257,280,19,257,280,21,264,288,23,573,469,24,561,451,25,470,513
1694141967.1543505,0,412,295,1,414,283,2,416,282,3,419,280,4,413,284,5,414,283,6,415,282,7,439,277,8,434,279,9,423,301,10,420,301,11,469,318,12,469,318,13,368,325,15,271,293,17,257,279,19,257,279,21,264,284,23,573,469,24,560,451,25,469,513
1694141967.2043507,0,411,295,1,414,284,2,416,282,3,419,280,4,412,285,5,413,284,6,414,283,7,439,277,8,433,279,9,423,301,10,420,302,11,468,318,12,468,317,13,369,324,15,271,293,17,257,279,19,257,279,21,264,283,23,573,469,24,560,451,25,469,513
1694141967.2543507,0,411,296,1,414,284,2,416,282,3,419,281,4,412,285,5,413,284,6,414,283,7,439,277,8,433,279,9,423,302,10,420,302,11,468,318,12,468,317,13,373,324,15,271,292,17,257,279,19,258,277,21,264,282,23,574,469,24,559,447,25,469,510
1694141967.3043506,0,411,296,1,414,284,2,416,283,3,418,281,4,412,285,5,413,284,6,414,283,7,438,278,8,433,279,9,423,302,10,420,303,11,468,318,12,467,318,13,375,323,15,270,292,17,257,279,19,258,277,21,264,282,23,574,469,24,558,445,25,468,510
1694141967.3543506,0,410,296,1,413,284,2,415,283,3,417,281,4,411,285,5,412,284,6,413,283,7,438,278,8,432,279,9,422,302,10,419,303,11,468,319,12,467,318,13,374,323,15,270,291,17,257,278,19,258,275,21,264,281,23,574,469,24,558,446,25,467,509
1694141967.4043505,0,409,296,1,412,284,2,415,283,3,417,281,4,411,285,5,412,284,6,413,283,7,437,278,8,432,279,9,421,302,10,418,303,11,468,319,12,466,318,13,374,323,15,270,290,17,257,278,19,259,275,21,263,286,23,574,468,24,558,446,25,466,509
1694141967.4543507,0,409,296,1,412,284,2,415,283,3,417,281,4,411,285,5,411,284,6,413,283,7,437,278,8,432,279,9,421,302,10,418,303,11,468,319,12,465,318,13,373,323,15,270,298,17,257,278,19,259,275,21,263,283,23,574,468,24,558,446,25,466,509
1694141967.5043507,0,409,296,1,412,284,2,415,283,3,417,281,4,411,285,5,411,284,6,412,283,7,437,278,8,432,280,9,421,302,10,418,303,11,468,319,12,464,319,13,375,323,15,271,297,17,257,278,19,260,275,21,264,283,23,575,468,24,557,446,25,466,508
1694141967.5543506,0,409,296,1,412,284,2,415,283,3,417,281,4,411,285,5,411,284,6,412,284,7,437,278,8,432,280,9,421,302,10,418,302,11,469,319,12,463,320,13,377,324,15,272,296,17,258,278,19,260,275,21,264,283,23,575,468,24,555,447,25,466,507
1694141967.6043506,0,409,296,1,412,284,2,415,283,3,417,281,4,410,286,5,411,285,6,412,284,7,437,278,8,431,281,9,422,302,10,418,302,11,469,319,12,462,321,13,377,324,15,273,296,17,258,278,19,260,275,21,264,282,23,575,468,24,554,446,25,467,507
1694141967.6543505,0,409,296,1,412,284,2,415,283,3,417,281,4,410,286,5,411,285,6,412,284,7,437,278,8,431,281,9,422,302,10,418,302,11,469,319,12,462,321,13,377,324,15,273,296,17,258,278,19,260,275,21,264,282,23,576,468,24,554,446,25,467,507
1694141967.7043507,0,409,296,1,412,284,2,415,283,3,417,281,4,410,286,5,411,285,6,412,284,7,437,278,8,431,280,9,422,302,10,418,303,11,468,319,12,463,321,13,377,324,15,273,296,17,258,279,19,260,276,21,264,282,23,575,468,24,554,445,25,467,506
1694141967.7543507,0,409,296,1,412,284,2,415,283,3,417,281,4,410,286,5,411,285,6,412,284,7,437,278,8,431,280,9,422,302,10,418,303,11,467,319,12,464,320,13,372,324,15,273,296,17,258,282,19,260,279,21,264,285,23,575,468,24,556,447,25,466,506
1694141967.8043506,0,410,296,1,413,284,2,415,283,3,417,281,4,411,286,5,411,285,6,412,284,7,437,278,8,431,280,9,422,302,10,419,303,11,467,319,12,464,319,13,370,324,15,273,296,17,259,283,19,261,283,21,264,286,23,574,468,24,557,447,25,466,506
1694141967.8543506,0,410,296,1,413,284,2,415,283,3,418,281,4,411,285,5,411,285,6,412,284,7,437,278,8,431,280,9,422,302,10,419,302,11,466,319,12,465,318,13,369,324,15,273,296,17,260,283,19,261,283,21,264,287,23,574,468,24,559,448,25,465,507
1694141967.9043505,0,410,296,1,413,284,2,415,282,3,417,281,4,411,285,5,411,284,6,412,283,7,437,278,8,431,279,9,422,302,10,418,302,11,464,319,12,466,317,13,369,325,15,273,296,17,260,284,19,261,283,21,264,287,23,573,468,24,559,448,25,465,507
1694141967.9543507,0,410,295,1,413,283,2,415,282,3,417,280,4,411,284,5,411,283,6,412,282,7,437,278,8,431,279,9,422,302,10,418,302,11,464,320,12,466,316,13,368,325,15,273,296,17,260,284,19,261,282,21,264,287,23,572,468,24,559,448,25,465,507
1694141968.0043507,0,410,295,1,413,283,2,415,282,3,417,280,4,411,284,5,411,283,6,412,282,7,437,278,8,431,279,9,422,301,10,418,302,11,464,320,12,466,316,13,368,325,15,273,296,17,260,284,19,261,282,21,264,286,23,572,468,24,559,448,25,465,507
1694141968.0543506,0,410,295,1,413,283,2,415,281,3,417,280,4,411,284,5,411,283,6,412,282,7,437,278,8,431,278,9,422,301,10,418,302,11,463,320,12,467,315,13,367,325,15,273,296,17,260,284,19,261,282,21,264,286,23,572,468,24,560,448,25,465,507
1694141968.1043506,0,410,295,1,413,283,2,415,281,3,418,280,4,411,284,5,411,283,6,412,282,7,437,278,8,431,278,9,422,301,10,418,302,11,463,320,12,467,315,13,367,325,15,273,297,17,258,286,19,262,284,21,265,287,23,572,468,24,560,449,25,465,507
1694141968.1543505,0,410,295,1,413,283,2,415,281,3,418,280,4,411,284,5,412,283,6,413,282,7,437,278,8,432,278,9,422,301,10,418,302,11,462,321,12,467,315,13,367,325,15,273,297,17,258,287,19,263,284,21,265,287,23,571,468,24,560,448,25,465,507
1694141968.2043507,0,410,295,1,413,283,2,415,281,3,418,280,4,411,283,5,412,283,6,413,282,7,437,278,8,432,278,9,422,301,10,418,301,11,462,321,12,467,315,13,367,325,15,273,297,17,258,287,19,264,284,21,265,287,23,571,468,24,560,449,25,465,507
1694141968.2543507,0,410,295,1,413,283,2,415,281,3,418,280,4,411,283,5,412,283,6,413,282,7,437,278,8,432,278,9,422,301,10,418,301,11,463,321,12,467,315,13,370,325,15,273,297,17,258,287,19,264,284,21,265,287,23,571,468,24,560,449,25,467,506
1694141968.3043506,0,410,294,1,414,283,2,416,281,3,419,280,4,411,283,5,412,283,6,413,282,7,438,278,8,432,279,9,422,301,10,419,301,11,464,321,12,466,315,13,372,324,15,273,297,17,257,287,19,264,284,21,265,286,23,572,468,24,560,448,25,466,507
1694141968.3543506,0,410,294,1,414,282,2,416,281,3,419,280,4,411,283,5,412,282,6,413,281,7,439,278,8,432,278,9,422,300,10,418,301,11,465,321,12,466,315,13,372,324,15,273,296,17,259,286,19,264,284,21,265,286,23,572,468,24,560,448,25,466,507
1694141968.4043505,0,410,294,1,414,282,2,416,281,3,419,280,4,411,283,5,412,282,6,413,281,7,439,278,8,432,278,9,422,300,10,418,300,11,466,321,12,466,315,13,372,324,15,273,296,17,260,285,19,264,284,21,265,287,23,572,468,24,560,448,25,466,508
1694141968.4543507,0,410,294,1,414,282,2,416,281,3,419,279,4,411,283,5,412,282,6,413,281,7,439,278,8,432,278,9,422,300,10,418,300,11,467,321,12,466,316,13,374,324,15,273,296,17,260,284,19,263,284,21,265,287,23,573,468,24,560,448,25,465,508
1694141968.5043507,0,410,294,1,414,282,2,416,281,3,419,280,4,411,283,5,412,282,6,413,281,7,439,278,8,432,278,9,422,300,10,418,300,11,467,321,12,466,315,13,374,324,15,273,296,17,261,283,19,263,284,21,265,286,23,573,468,24,559,448,25,465,508
1694141968.5543506,0,410,294,1,414,282,2,416,281,3,419,280,4,411,283,5,412,282,6,413,281,7,439,278,8,432,279,9,422,300,10,418,300,11,467,321,12,466,315,13,375,324,15,273,296,17,261,283,19,263,283,21,265,286,23,573,468,24,559,448,25,465,508
1694141968.6043506,0,409,294,1,414,282,2,416,281,3,419,280,4,411,283,5,412,282,6,413,281,7,439,278,8,432,279,9,422,300,10,418,300,11,467,321,12,466,315,13,374,324,15,273,296,17,261,283,19,263,283,21,265,286,23,573,468,24,559,448,25,465,508
1694141968.6543505,0,409,294,1,414,283,2,416,281,3,419,280,4,411,284,5,412,283,6,413,282,7,439,278,8,432,279,9,422,300,10,418,301,11,467,321,12,466,315,13,372,324,15,273,296,17,261,283,19,263,283,21,265,286,23,573,468,24,559,448,25,465,508
1694141968.7043507,0,409,294,1,413,283,2,416,282,3,419,280,4,411,284,5,412,283,6,413,282,7,439,278,8,432,279,9,422,301,10,418,301,11,467,321,12,466,315,13,371,324,15,273,296,17,261,283,19,263,283,21,265,286,23,573,468,24,559,448,25,465,508
1694141968.7543507,0,409,294,1,413,283,2,416,282,3,419,280,4,411,284,5,412,283,6,413,282,7,439,278,8,432,279,9,422,301,10,418,301,11,467,321,12,466,315,13,370,324,15,273,296,17,261,283,19,263,283,21,265,286,23,572,468,24,559,448,25,465,508
1694141968.8043506,0,409,295,1,413,283,2,416,282,3,419,280,4,411,284,5,412,283,6,413,282,7,439,278,8,432,279,9,422,301,10,418,301,11,467,321,12,466,314,13,369,324,15,273,296,17,261,283,19,263,283,21,265,286,23,572,468,24,559,447,25,465,508
1694141968.8543506,0,409,295,1,413,283,2,416,282,3,419,280,4,411,284,5,412,283,6,413,282,7,439,278,8,432,279,9,422,301,10,418,301,11,466,321,12,466,314,13,368,324,15,274,296,17,261,285,19,266,283,21,266,287,23,572,468,24,559,447,25,465,508
1694141968.9043505,0,409,295,1,413,283,2,416,282,3,419,280,4,411,284,5,412,283,6,413,282,7,439,278,8,432,279,9,422,301,10,418,301,11,465,321,12,466,314,13,367,324,15,274,296,17,262,285,19,268,283,21,266,287,23,571,468,24,559,447,25,465,508
1694141968.9543507,0,409,295,1,413,283,2,416,282,3,419,280,4,411,284,5,412,283,6,413,282,7,439,278,8,432,279,9,421,301,10,418,301,11,465,322,12,466,314,13,367,324,15,274,296,17,262,285,19,269,283,21,273,289,23,570,468,24,559,447,25,465,508
1694141969.0043507,0,409,295,1,413,283,2,416,282,3,419,280,4,411,284,5,412,283,6,412,282,7,438,278,8,432,279,9,421,301,10,418,301,11,464,322,12,466,314,13,367,324,15,274,296,17,262,285,19,269,283,21,275,289,23,570,468,24,559,447,25,465,508
1694141969.0543506,0,409,295,1,413,283,2,415,282,3,418,280,4,411,284,5,411,283,6,412,282,7,438,278,8,432,279,9,421,301,10,417,301,11,465,322,12,466,315,13,368,324,15,274,296,17,255,285,19,266,281,21,271,286,23,570,468,24,557,447,25,465,508
1694141969.1043506,0,408,294,1,413,283,2,415,282,3,418,280,4,411,284,5,411,283,6,412,282,7,438,278,8,432,279,9,421,301,10,417,301,11,464,322,12,466,315,13,367,324,15,274,296,17,254,285,19,265,280,21,270,286,23,570,469,24,557,447,25,464,508
1694141969.1543505,0,408,294,1,413,283,2,415,282,3,418,280,4,411,283,5,411,282,6,412,281,7,438,278,8,432,279,9,420,301,10,417,301,11,463,322,12,467,315,13,367,324,15,274,296,17,255,284,19,265,280,21,269,286,23,569,469,24,558,447,25,464,508
1694141969.2043507,0,408,294,1,413,283,2,415,281,3,418,280,4,411,283,5,411,282,6,412,281,7,438,278,8,432,279,9,420,301,10,417,301,11,462,322,12,467,315,13,367,324,15,274,296,17,255,284,19,265,280,21,268,286,23,569,469,24,559,447,25,464,508
1694141969.2543507,0,408,294,1,412,283,2,415,282,3,418,280,4,410,283,5,411,282,6,412,281,7,438,278,8,432,279,9,420,301,10,417,301,11,462,322,12,468,314,13,367,323,15,274,296,17,257,284,19,264,280,21,268,286,23,569,469,24,560,447,25,464,508
1694141969.3043506,0,408,294,1,412,283,2,415,282,3,418,280,4,410,283,5,411,282,6,412,281,7,438,278,8,432,279,9,420,301,10,417,301,11,462,322,12,468,314,13,367,323,15,274,296,17,258,284,19,263,280,21,267,286,23,569,469,24,560,447,25,464,508
1694141969.3543506,0,408,294,1,412,283,2,415,282,3,418,280,4,410,284,5,411,282,6,412,281,7,438,278,8,432,279,9,420,301,10,417,301,11,462,321,12,468,314,13,367,323,15,274,296,17,259,284,19,263,280,21,266,286,23,569,469,24,560,447,25,464,508
1694141969.4043505,0,408,294,1,412,283,2,415,282,3,417,281,4,410,284,5,411,283,6,412,282,7,438,278,8,432,279,9,420,301,10,417,301,11,462,321,12,468,314,13,367,323,15,274,296,17,259,283,19,263,280,21,266,285,23,569,469,24,560,447,25,464,508
1694141969.4543507,0,408,295,1,412,284,2,414,282,3,417,281,4,410,284,5,411,283,6,412,282,7,437,278,8,432,279,9,420,302,10,417,302,11,463,320,12,468,313,13,371,322,15,274,296,17,258,283,19,262,280,21,266,285,23,570,469,24,559,447,25,464,509
1694141969.5043507,0,408,302,1,411,291,2,413,289,3,415,287,4,409,292,5,410,292,6,411,290,7,432,281,8,428,283,9,421,307,10,418,308,11,463,318,12,468,311,13,371,320,15,273,296,17,258,284,19,260,280,21,264,285,23,568,466,24,553,442,25,464,508
1694141969.5543506,0,409,304,1,411,293,2,413,291,3,415,289,4,409,294,5,410,294,6,410,293,7,430,282,8,426,284,9,421,309,10,418,310,11,461,317,12,469,311,13,371,319,15,273,295,17,257,285,19,255,282,21,263,285,23,567,465,24,552,442,25,464,508
1694141969.6043506,0,409,305,1,410,294,2,412,292,3,414,290,4,409,295,5,409,294,6,410,293,7,429,283,8,425,285,9,421,310,10,418,310,11,459,317,12,469,310,13,367,319,15,272,295,17,257,285,19,253,283,21,263,285,23,566,466,24,553,442,25,464,509
1694141969.6543505,0,410,308,1,410,297,2,412,295,3,414,293,4,409,299,5,409,298,6,410,297,7,428,285,8,423,289,9,422,313,10,419,314,11,459,312,12,469,309,13,368,316,15,273,295,17,257,285,19,253,282,21,263,285,23,559,464,24,550,439,25,464,509
1694141969.7043507,0,410,307,1,411,296,2,412,294,3,414,292,4,409,298,5,410,297,6,410,296,7,428,284,8,424,290,9,423,312,10,421,314,11,460,309,12,467,309,13,373,313,15,275,296,17,259,285,19,263,281,21,263,287,23,559,461,24,548,439,25,462,511
1694141969.7543507,0,411,307,1,411,297,2,412,295,3,414,293,4,409,298,5,410,298,6,410,296,7,428,285,8,424,290,9,423,312,10,421,313,11,461,308,12,467,308,13,373,312,15,274,294,17,258,284,19,263,281,21,267,287,23,558,461,24,549,439,25,458,511
1694141969.8043506,0,412,307,1,412,297,2,413,295,3,415,293,4,411,298,5,411,297,6,411,296,7,428,285,8,424,289,9,423,311,10,422,313,11,457,309,12,466,307,13,372,313,15,322,295,17,313,285,19,321,285,21,325,291,23,556,461,24,554,439,25,458,510
1694141969.8543506,0,415,307,1,414,296,2,416,295,3,417,293,4,413,297,5,413,297,6,413,296,7,431,284,8,426,289,9,427,311,10,425,312,11,465,304,12,465,307,13,378,312,15,305,298,17,291,285,19,281,288,21,287,294,23,556,462,24,549,442,25,454,507
1694141969.9043505,0,417,303,1,416,294,2,417,292,3,419,290,4,414,295,5,415,294,6,415,293,7,434,281,8,429,287,9,428,308,10,427,309,11,471,299,12,466,309,13,386,311,15,299,299,17,278,287,19,270,287,21,279,293,23,557,462,24,546,442,25,444,501
1694141969.9543507,0,417,300,1,416,291,2,418,289,3,419,288,4,415,292,5,415,291,6,416,290,7,435,280,8,430,284,9,428,305,10,426,306,11,470,299,12,468,307,13,383,310,15,297,301,17,276,289,19,271,289,21,279,296,23,555,462,24,546,444,25,435,499
1694141970.0043507,0,417,298,1,417,288,2,418,287,3,420,285,4,415,289,5,416,289,6,416,288,7,436,278,8,430,283,9,428,303,10,426,304,11,472,298,12,470,310,13,385,309,15,296,301,17,267,288,19,265,287,21,277,295,23,556,462,24,547,447,25,434,497
1694141970.0543506,0,417,296,1,417,286,2,418,284,3,420,283,4,415,287,5,416,286,6,416,286,7,436,276,8,431,280,9,428,302,10,426,303,11,471,299,12,473,310,13,383,309,15,293,301,17,261,286,19,264,286,21,275,295,23,556,465,24,551,447,25,438,498
1694141970.1043506,0,417,296,1,417,286,2,419,285,3,420,283,4,416,287,5,416,286,6,416,285,7,437,276,8,431,280,9,428,302,10,426,303,11,471,301,12,468,309,13,382,311,15,290,301,17,260,287,19,264,287,21,272,293,23,556,467,24,551,447,25,442,499
1694141970.1543505,0,417,296,1,417,286,2,419,285,3,421,283,4,416,287,5,416,286,6,416,285,7,437,276,8,432,280,9,429,302,10,426,303,11,471,303,12,466,309,13,382,312,15,289,301,17,261,288,19,263,286,21,270,292,23,556,468,24,552,447,25,443,502
1694141970.2043507,0,417,296,1,417,286,2,419,285,3,421,283,4,416,287,5,416,286,6,416,285,7,437,276,8,432,280,9,429,302,10,426,303,11,470,304,12,465,309,13,382,312,15,288,300,17,258,288,19,261,286,21,269,290,23,556,469,24,553,447,25,443,502
1694141970.2543507,0,417,296,1,417,285,2,419,283,3,421,281,4,416,285,5,416,285,6,416,284,7,437,275,8,432,278,9,429,302,10,426,302,11,470,305,12,465,309,13,382,316,15,285,300,17,257,288,19,260,285,21,267,289,23,557,470,24,552,454,25,444,502
1694141970.3043506,0,417,293,1,418,281,2,419,280,3,421,278,4,416,282,5,416,281,6,416,280,7,438,272,8,433,274,9,429,299,10,427,300,11,471,305,12,463,309,13,382,321,15,283,301,17,251,292,19,258,285,21,266,289,23,554,470,24,548,454,25,442,502
1694141970.3543506,0,417,292,1,418,280,2,419,278,3,421,277,4,416,280,5,416,279,6,416,278,7,438,271,8,433,273,9,430,298,10,427,298,11,471,306,12,464,309,13,382,323,15,281,301,17,248,292,19,257,285,21,264,289,23,552,470,24,545,454,25,439,500
1694141970.4043505,0,417,291,1,418,279,2,419,278,3,421,276,4,416,280,5,416,279,6,416,278,7,438,270,8,434,272,9,430,297,10,427,297,11,471,306,12,464,309,13,381,322,15,280,301,17,249,291,19,257,285,21,265,292,23,551,470,24,546,455,25,452,500
1694141970.4543507,0,417,288,1,418,275,2,420,274,3,422,272,4,416,275,5,416,274,6,417,273,7,440,268,8,435,268,9,430,294,10,427,294,11,471,306,12,465,307,13,375,324,15,278,302,17,246,297,19,255,291,21,263,299,23,548,471,24,543,456,25,441,500
1694141970.5043507,0,418,283,1,420,270,2,422,268,3,424,267,4,418,270,5,418,269,6,419,268,7,443,264,8,439,264,9,430,290,10,427,291,11,471,305,12,465,306,13,372,324,15,278,302,17,251,301,19,260,297,21,268,304,23,545,471,24,543,456,25,441,499
1694141970.5543506,0,419,282,1,421,267,2,423,266,3,425,265,4,419,268,5,420,267,6,420,266,7,445,262,8,440,263,9,430,289,10,428,289,11,471,305,12,466,304,13,371,324,15,277,303,17,251,304,19,260,301,21,268,308,23,543,471,24,542,455,25,441,499
1694141970.6043506,0,419,282,1,422,267,2,424,266,3,426,265,4,420,268,5,421,267,6,421,266,7,445,262,8,440,263,9,431,289,10,428,289,11,471,305,12,466,303,13,370,324,15,277,307,17,254,316,19,263,312,21,271,318,23,542,470,24,543,449,25,454,510
1694141970.6543505,0,421,281,1,424,267,2,426,266,3,428,264,4,422,268,5,423,267,6,424,266,7,448,261,8,443,262,9,432,288,10,429,289,11,472,303,12,466,304,13,376,323,15,279,307,17,261,312,19,268,309,21,276,315,23,542,468,24,542,448,25,460,512
1694141970.7043507,0,422,277,1,426,263,2,427,262,3,429,261,4,424,264,5,425,263,6,425,262,7,450,259,8,445,259,9,432,285,10,430,286,11,475,301,12,466,303,13,377,323,15,280,307,17,264,311,19,271,308,21,279,313,23,542,468,24,543,449,25,461,511
1694141970.7543507,0,423,278,1,426,264,2,428,263,3,430,261,4,425,264,5,426,263,6,426,262,7,450,259,8,446,259,9,433,285,10,431,286,11,475,301,12,471,303,13,373,323,15,280,307,17,263,310,19,271,307,21,278,312,23,543,469,24,544,450,25,459,514
1694141970.8043506,0,423,278,1,426,264,2,428,263,3,430,262,4,425,265,5,426,264,6,427,263,7,450,259,8,446,260,9,433,285,10,431,286,11,475,301,12,472,303,13,376,323,15,281,307,17,263,309,19,270,306,21,278,312,23,543,470,24,545,451,25,458,515
1694141970.8543506,0,424,278,1,427,264,2,429,263,3,431,262,4,426,265,5,427,264,6,427,263,7,451,259,8,446,260,9,434,285,10,432,286,11,474,301,12,473,303,13,373,323,15,281,307,17,263,312,19,271,307,21,279,313,23,543,471,24,546,452,25,454,517
1694141970.9043505,0,425,279,1,428,264,2,430,263,3,432,262,4,427,265,5,427,264,6,428,263,7,451,259,8,447,260,9,435,286,10,433,286,11,474,302,12,473,303,13,373,324,15,280,325,17,262,316,19,270,310,21,278,315,23,542,472,24,545,452,25,452,516
1694141970.9543507,0,425,279,1,428,265,2,430,264,3,432,262,4,427,265,5,427,264,6,428,263,7,451,260,8,447,260,9,435,286,10,433,287,11,476,302,12,473,303,13,379,324,15,280,324,17,262,315,19,269,309,21,277,315,23,542,472,24,545,453,25,451,516
1694141971.0043507,0,425,279,1,428,265,2,430,264,3,432,263,4,427,265,5,427,264,6,428,263,7,451,260,8,447,260,9,435,286,10,433,287,11,477,302,12,472,303,13,382,324,15,281,325,17,262,316,19,270,311,21,277,316,23,542,472,24,544,453,25,442,509
1694141971.0543506,0,425,279,1,428,265,2,430,264,3,432,263,4,426,265,5,427,264,6,428,263,7,451,260,8,446,260,9,435,286,10,433,287,11,479,301,12,472,304,13,383,324,15,281,324,17,262,315,19,270,310,21,277,316,23,543,472,24,542,453,25,439,507
1694141971.1043506,0,425,279,1,428,265,2,430,264,3,432,263,4,426,266,5,427,265,6,428,264,7,451,260,8,446,260,9,435,286,10,433,287,11,480,301,12,472,304,13,380,324,15,278,336,17,259,327,19,267,321,21,275,326,23,543,471,24,540,454,25,440,507
1694141971.1543505,0,425,279,1,428,265,2,430,264,3,432,262,4,426,266,5,427,265,6,428,264,7,451,260,8,446,261,9,435,286,10,433,287,11,480,301,12,471,304,13,379,324,15,278,340,17,258,332,19,266,325,21,274,330,23,543,471,24,538,454,25,441,514
1694141971.2043507,0,425,279,1,428,265,2,430,264,3,432,262,4,426,266,5,427,265,6,428,264,7,451,259,8,446,261,9,435,285,10,432,286,11,480,301,12,471,304,13,378,324,15,277,341,17,257,332,19,266,326,21,273,332,23,543,471,24,538,454,25,435,507
1694141971.2543507,0,425,279,1,428,265,2,430,263,3,432,262,4,426,265,5,427,264,6,427,263,7,451,259,8,446,260,9,435,285,10,432,286,11,478,301,12,471,303,13,377,325,15,276,342,17,255,334,19,264,327,21,272,332,23,543,471,24,538,453,25,435,506
1694141971.3043506,0,425,279,1,428,265,2,430,263,3,432,262,4,426,265,5,427,264,6,427,263,7,451,259,8,446,260,9,435,285,10,432,286,11,478,301,12,471,303,13,376,325,15,276,350,17,255,342,19,264,335,21,271,340,23,544,471,24,539,452,25,435,506
1694141971.3543506,0,425,279,1,428,265,2,430,263,3,432,262,4,426,265,5,427,264,6,427,263,7,451,259,8,446,260,9,435,285,10,432,286,11,478,301,12,471,302,13,376,325,15,275,351,17,255,343,19,263,337,21,270,341,23,544,471,24,539,451,25,436,506
1694141971.4043505,0,425,279,1,428,265,2,430,263,3,432,262,4,426,265,5,427,264,6,427,263,7,451,259,8,446,260,9,435,285,10,432,286,11,478,301,12,471,302,13,376,325,15,275,353,17,254,345,19,262,339,21,269,343,23,545,470,24,539,451,25,436,506
1694141971.4543507,0,425,279,1,428,265,2,430,263,3,433,262,4,426,265,5,427,264,6,427,263,7,451,259,8,446,260,9,435,285,10,432,286,11,480,301,12,471,302,13,376,326,15,274,353,17,254,345,19,261,338,21,269,343,23,545,470,24,537,453,25,436,506
1694141971.5043507,0,425,279,1,428,265,2,431,263,3,433,262,4,426,266,5,427,264,6,428,263,7,452,259,8,446,260,9,435,285,10,432,286,11,480,301,12,471,302,13,377,327,15,275,357,17,254,351,19,261,344,21,269,349,23,544,470,24,537,453,25,436,516
1694141971.5543506,0,425,279,1,429,265,2,431,263,3,433,262,4,427,266,5,427,264,6,428,263,7,452,259,8,446,260,9,436,285,10,432,286,11,480,301,12,471,302,13,377,326,15,275,355,17,254,349,19,261,342,21,269,347,23,545,470,24,537,454,25,436,520
1694141971.6043506,0,425,279,1,429,265,2,431,263,3,434,262,4,427,266,5,427,265,6,428,263,7,453,259,8,446,260,9,436,285,10,433,286,11,481,301,12,471,303,13,378,326,15,275,354,17,254,348,19,261,341,21,269,345,23,545,470,24,537,455,25,436,519
1694141971.6543505,0,426,279,1,429,265,2,432,263,3,434,262,4,427,266,5,427,265,6,428,264,7,453,259,8,446,260,9,436,285,10,433,286,11,481,301,12,471,303,13,378,326,15,275,355,17,254,348,19,262,342,21,270,346,23,545,470,24,537,455,25,430,519
1694141971.7043507,0,426,279,1,430,265,2,432,264,3,434,262,4,427,266,5,428,265,6,428,264,7,453,259,8,447,261,9,437,285,10,433,286,11,481,301,12,472,303,13,379,327,15,275,354,17,255,348,19,262,341,21,270,346,23,545,470,24,538,455,25,428,520
1694141971.7543507,0,426,280,1,430,265,2,432,264,3,434,262,4,428,266,5,428,265,6,428,264,7,453,260,8,447,261,9,437,285,10,433,286,11,482,301,12,472,303,13,380,327,15,276,354,17,256,348,19,264,341,21,271,345,23,545,470,24,539,455,25,428,520
1694141971.8043506,0,426,280,1,430,265,2,432,264,3,434,262,4,428,266,5,428,265,6,429,264,7,454,260,8,447,261,9,437,285,10,434,286,11,482,301,12,473,303,13,380,327,15,276,351,17,256,345,19,264,339,21,272,343,23,545,470,24,539,455,25,427,519
1694141971.8543506,0,426,280,1,430,265,2,432,264,3,435,262,4,428,266,5,428,265,6,429,264,7,454,260,8,447,262,9,437,285,10,434,286,11,482,301,12,473,303,13,381,327,15,277,349,17,256,341,19,264,336,21,272,341,23,545,470,24,539,455,25,427,519
1694141971.9043505,0,427,280,1,430,265,2,432,264,3,435,262,4,428,266,5,428,265,6,429,264,7,454,260,8,447,262,9,437,285,10,434,286,11,482,301,12,473,304,13,381,326,15,276,343,17,256,335,19,264,330,21,272,335,23,545,470,24,539,455,25,432,513
1694141971.9543507,0,427,280,1,430,265,2,433,264,3,435,262,4,428,266,5,429,265,6,429,264,7,454,260,8,447,262,9,437,285,10,434,286,11,483,301,12,473,304,13,381,325,15,276,342,17,256,333,19,264,328,21,272,333,23,545,470,24,539,455,25,435,510
1694141972.0043507,0,427,280,1,430,265,2,433,264,3,435,262,4,428,266,5,428,265,6,429,264,7,454,260,8,447,261,9,437,285,10,434,286,11,482,301,12,473,304,13,381,325,15,275,342,17,255,333,19,263,328,21,271,333,23,546,470,24,540,453,25,437,509
1694141972.0543506,0,426,280,1,430,265,2,433,264,3,435,262,4,428,266,5,428,265,6,429,264,7,454,260,8,447,261,9,437,285,10,434,286,11,482,301,12,473,304,13,380,325,15,275,343,17,254,335,19,262,329,21,270,334,23,546,470,24,541,452,25,437,508
1694141972.1043506,0,426,280,1,430,265,2,432,264,3,435,262,4,428,266,5,428,265,6,429,264,7,454,259,8,447,261,9,437,285,10,434,286,11,481,302,12,473,304,13,380,326,15,273,343,17,251,335,19,260,330,21,268,335,23,546,470,24,541,451,25,437,506
1694141972.1543505,0,426,280,1,430,265,2,432,264,3,435,262,4,428,266,5,428,265,6,429,265,7,453,259,8,447,261,9,437,285,10,433,286,11,481,302,12,473,304,13,380,326,15,272,343,17,250,336,19,259,330,21,267,335,23,546,470,24,541,453,25,438,506
1694141972.2043507,0,426,280,1,430,266,2,432,264,3,435,263,4,427,267,5,428,266,6,428,266,7,453,260,8,447,262,9,437,285,10,433,286,11,480,303,12,473,304,13,380,326,15,272,344,17,250,336,19,259,330,21,267,335,23,546,470,24,541,452,25,438,507
1694141972.2543507,0,426,281,1,430,267,2,432,265,3,435,263,4,427,268,5,428,267,6,428,266,7,453,260,8,446,263,9,437,286,10,433,287,11,479,303,12,473,304,13,380,327,15,272,344,17,251,336,19,259,330,21,267,335,23,545,470,24,541,452,25,438,507
1694141972.3043506,0,425,281,1,430,267,2,432,266,3,434,264,4,427,269,5,427,268,6,428,267,7,453,261,8,446,263,9,437,286,10,433,287,11,479,303,12,473,304,13,380,327,15,272,344,17,251,336,19,259,330,21,267,335,23,545,470,24,540,453,25,438,507
1694141972.3543506,0,425,281,1,429,268,2,432,266,3,434,264,4,427,269,5,427,268,6,428,267,7,452,261,8,446,263,9,436,286,10,432,287,11,478,303,12,473,304,13,380,327,15,272,344,17,251,336,19,259,330,21,267,335,23,545,471,24,540,454,25,438,507
1694141972.4043505,0,424,281,1,429,268,2,431,266,3,433,264,4,426,269,5,426,268,6,427,267,7,452,261,8,445,263,9,435,286,10,431,287,11,478,303,12,473,304,13,380,327,15,272,344,17,251,337,19,259,330,21,267,335,23,545,471,24,540,454,25,438,507
1694141972.4543507,0,423,281,1,428,268,2,431,266,3,433,264,4,425,269,5,426,268,6,427,267,7,451,261,8,445,263,9,435,286,10,431,287,11,478,304,12,472,304,13,375,327,15,272,345,17,251,337,19,259,331,21,267,336,23,544,471,24,540,453,25,437,507
1694141972.5043507,0,422,281,1,427,268,2,430,266,3,432,264,4,425,269,5,425,268,6,426,267,7,451,261,8,444,263,9,434,286,10,430,287,11,477,304,12,471,303,13,374,329,15,272,351,17,251,346,19,259,338,21,267,342,23,543,471,24,540,452,25,437,507
1694141972.5543506,0,422,281,1,427,267,2,430,266,3,432,264,4,424,269,5,425,268,6,426,267,7,450,261,8,444,263,9,434,285,10,429,286,11,477,304,12,471,303,13,372,329,15,272,352,17,251,346,19,259,339,21,267,343,23,541,470,24,540,451,25,437,507
1694141972.6043506,0,421,281,1,426,267,2,429,265,3,431,264,4,423,268,5,424,267,6,425,266,7,449,261,8,443,263,9,432,285,10,428,286,11,477,304,12,468,303,13,373,329,15,272,346,17,252,339,19,260,333,21,267,337,23,541,470,24,536,451,25,435,506
1694141972.6543505,0,420,280,1,426,267,2,428,265,3,431,263,4,423,268,5,424,267,6,424,266,7,449,261,8,443,263,9,432,285,10,428,286,11,477,304,12,467,304,13,374,329,15,272,341,17,252,332,19,260,327,21,268,331,23,541,470,24,535,452,25,434,504
1694141972.7043507,0,420,280,1,425,267,2,428,265,3,430,263,4,423,268,5,423,267,6,424,266,7,449,261,8,442,263,9,432,285,10,427,286,11,477,304,12,467,304,13,374,329,15,272,341,17,252,333,19,260,327,21,268,332,23,540,469,24,535,452,25,433,504
1694141972.7543507,0,420,280,1,425,267,2,428,265,3,430,263,4,423,268,5,423,267,6,424,266,7,449,261,8,442,263,9,431,285,10,427,286,11,477,304,12,467,304,13,374,328,15,273,341,17,252,333,19,261,327,21,268,332,23,540,469,24,535,451,25,433,505
1694141972.8043506,0,419,280,1,425,267,2,427,265,3,430,263,4,422,268,5,423,267,6,423,266,7,448,261,8,441,263,9,431,285,10,427,286,11,476,303,12,466,304,13,374,328,15,272,340,17,252,332,19,261,326,21,268,331,23,540,468,24,535,451,25,432,505
1694141972.8543506,0,419,280,1,424,267,2,427,265,3,429,263,4,422,268,5,422,267,6,423,266,7,448,261,8,441,263,9,431,285,10,427,286,11,476,303,12,466,305,13,374,328,15,272,338,17,252,328,19,261,323,21,268,328,23,540,468,24,535,451,25,432,504
1694141972.9043505,0,419,280,1,424,267,2,427,265,3,429,263,4,422,268,5,422,267,6,423,266,7,447,261,8,441,263,9,431,285,10,427,286,11,476,303,12,466,306,13,374,328,15,272,336,17,252,327,19,261,322,21,268,327,23,540,468,24,534,452,25,431,504
1694141972.9543507,0,419,280,1,424,267,2,427,265,3,429,263,4,422,268,5,422,267,6,423,267,7,447,261,8,441,263,9,431,285,10,427,286,11,476,303,12,465,306,13,374,328,15,272,336,17,252,326,19,261,321,21,268,326,23,540,468,24,533,452,25,431,504
1694141973.0043507,0,419,280,1,424,267,2,427,265,3,429,263,4,422,268,5,422,267,6,423,267,7,447,261,8,441,263,9,431,285,10,427,286,11,476,303,12,465,306,13,374,328,15,272,336,17,252,327,19,260,321,21,268,327,23,540,468,24,533,452,25,431,504
1694141973.0543506,0,419,280,1,424,267,2,427,265,3,429,263,4,422,268,5,422,267,6,423,267,7,447,261,8,441,263,9,431,285,10,427,286,11,476,303,12,465,306,13,375,328,15,272,336,17,252,327,19,260,322,21,268,327,23,540,469,24,533,452,25,431,503
1694141973.1043506,0,419,280,1,424,267,2,427,265,3,429,263,4,422,268,5,422,268,6,423,267,7,447,261,8,441,263,9,431,285,10,427,286,11,476,303,12,465,306,13,373,328,15,271,340,17,251,331,19,259,325,21,267,330,23,540,469,24,533,452,25,431,503
1694141973.1543505,0,420,281,1,424,267,2,427,265,3,429,263,4,422,269,5,422,268,6,423,267,7,447,261,8,441,264,9,431,285,10,427,286,11,476,303,12,466,306,13,373,328,15,270,341,17,250,332,19,259,326,21,266,331,23,540,470,24,534,452,25,431,503
1694141973.2043507,0,420,281,1,425,267,2,427,265,3,430,263,4,422,269,5,422,268,6,423,267,7,448,261,8,441,264,9,432,285,10,427,286,11,476,303,12,466,306,13,374,328,15,270,348,17,250,340,19,258,334,21,266,339,23,540,470,24,534,452,25,431,503
1694141973.2543507,0,420,281,1,425,267,2,427,265,3,430,263,4,422,269,5,422,268,6,423,267,7,448,261,8,441,264,9,432,285,10,428,286,11,476,303,12,466,306,13,374,328,15,270,350,17,250,342,19,258,335,21,266,341,23,540,470,24,534,452,25,431,503
1694141973.3043506,0,420,281,1,425,267,2,427,265,3,430,263,4,422,269,5,422,268,6,423,267,7,448,261,8,441,264,9,432,285,10,428,286,11,476,303,12,467,306,13,372,328,15,270,351,17,250,344,19,258,337,21,266,342,23,540,470,24,535,452,25,431,503
1694141973.3543506,0,420,281,1,425,267,2,427,265,3,430,264,4,422,269,5,422,268,6,423,267,7,448,261,8,441,264,9,432,285,10,428,286,11,476,304,12,467,305,13,371,328,15,270,353,17,250,346,19,258,339,21,266,344,23,540,470,24,535,452,25,431,504
1694141973.4043505,0,420,281,1,425,267,2,427,265,3,430,264,4,422,269,5,422,268,6,423,267,7,448,261,8,441,264,9,433,285,10,428,286,11,476,304,12,467,305,13,373,328,15,270,352,17,250,345,19,258,339,21,265,344,23,541,470,24,536,452,25,431,504
1694141973.4543507,0,420,280,1,425,267,2,427,265,3,430,263,4,422,269,5,422,268,6,423,267,7,448,261,8,441,264,9,433,285,10,428,286,11,476,304,12,467,305,13,372,329,15,269,352,17,249,344,19,257,338,21,264,343,23,541,471,24,536,452,25,431,504
1694141973.5043507,0,421,280,1,425,267,2,427,265,3,430,263,4,422,268,5,422,268,6,423,267,7,448,261,8,441,263,9,433,285,10,428,286,11,475,304,12,467,305,13,372,329,15,269,352,17,248,344,19,256,338,21,264,342,23,541,470,24,536,451,25,431,504
1694141973.5543506,0,421,280,1,425,267,2,427,265,3,430,263,4,422,268,5,423,267,6,423,267,7,448,261,8,441,263,9,433,285,10,428,286,11,475,304,12,467,305,13,372,329,15,269,351,17,248,344,19,256,337,21,264,342,23,541,470,24,536,451,25,431,504
1694141973.6043506,0,421,280,1,425,267,2,427,265,3,430,263,4,422,268,5,423,267,6,423,267,7,448,261,8,441,263,9,433,285,10,428,286,11,476,304,12,467,305,13,376,330,15,269,352,17,249,344,19,256,338,21,264,343,23,542,470,24,536,451,25,431,503
1694141973.6543505,0,421,280,1,425,267,2,427,265,3,430,263,4,422,268,5,423,267,6,423,267,7,448,261,8,441,263,9,433,284,10,428,286,11,476,304,12,467,305,13,378,330,15,269,352,17,249,344,19,257,338,21,264,343,23,542,470,24,536,451,25,430,502
1694141973.7043507,0,421,280,1,425,267,2,427,265,3,430,263,4,422,269,5,422,268,6,423,267,7,448,261,8,441,264,9,433,285,10,428,286,11,477,304,12,466,306,13,378,330,15,269,346,17,249,334,19,257,328,21,264,335,23,542,471,24,535,452,25,430,502
1694141973.7543507,0,421,281,1,425,267,2,427,265,3,430,263,4,422,269,5,422,268,6,423,268,7,448,261,8,441,264,9,433,285,10,428,286,11,477,303,12,466,307,13,378,330,15,269,344,17,249,332,19,257,326,21,264,333,23,542,471,24,534,452,25,429,502
1694141973.8043506,0,420,281,1,425,267,2,427,265,3,430,263,4,422,269,5,422,268,6,422,267,7,448,260,8,441,264,9,432,285,10,428,286,11,477,303,12,466,308,13,378,330,15,269,342,17,249,329,19,257,323,21,264,330,23,542,471,24,534,453,25,429,502
1694141973.8543506,0,420,281,1,425,267,2,427,265,3,430,263,4,422,269,5,422,268,6,422,267,7,448,260,8,441,264,9,432,285,10,428,286,11,477,303,12,466,309,13,378,330,15,269,340,17,249,327,19,257,321,21,263,329,23,542,471,24,534,454,25,428,502
1694141973.9043505,0,420,281,1,425,267,2,427,265,3,430,263,4,422,268,5,422,268,6,422,267,7,448,260,8,441,264,9,432,285,10,428,286,11,477,303,12,466,309,13,378,330,15,269,333,17,249,318,19,257,313,21,264,320,23,542,471,24,536,454,25,428,502
1694141973.9543507,0,420,281,1,425,266,2,427,265,3,430,263,4,421,268,5,422,268,6,422,267,7,448,260,8,440,264,9,432,285,10,427,286,11,477,304,12,466,310,13,378,330,15,269,332,17,249,317,19,257,311,21,264,319,23,542,471,24,536,454,25,428,502
1694141974.0043507,0,420,281,1,424,266,2,427,265,3,429,263,4,421,268,5,422,268,6,422,267,7,448,260,8,440,264,9,432,285,10,427,286,11,477,304,12,466,310,13,378,330,15,269,333,17,249,318,19,257,312,21,264,320,23,542,471,24,537,454,25,428,502
1694141974.0543506,0,420,280,1,424,266,2,427,264,3,429,263,4,421,268,5,422,268,6,422,267,7,448,260,8,440,264,9,432,285,10,427,286,11,477,304,12,467,310,13,378,330,15,269,333,17,249,319,19,257,313,21,264,320,23,542,471,24,537,454,25,427,503
1694141974.1043506,0,420,280,1,424,266,2,427,264,3,429,263,4,421,268,5,422,268,6,422,267,7,448,260,8,440,264,9,432,285,10,427,286,11,477,304,12,467,310,13,378,330,15,269,334,17,249,320,19,257,314,21,264,321,23,542,471,24,537,454,25,426,503
1694141974.1543505,0,420,280,1,424,266,2,427,264,3,429,263,4,421,268,5,422,268,6,422,267,7,448,260,8,440,264,9,432,285,10,427,286,11,477,304,12,468,309,13,378,331,15,269,334,17,249,321,19,257,315,21,264,322,23,542,471,24,537,454,25,426,503
1694141974.2043507,0,420,281,1,424,266,2,427,265,3,429,263,4,421,268,5,422,268,6,422,267,7,448,260,8,440,264,9,432,285,10,427,286,11,477,304,12,468,309,13,378,331,15,269,335,17,249,322,19,257,316,21,264,323,23,542,471,24,537,454,25,426,503
1694141974.2543507,0,420,281,1,424,268,2,427,266,3,429,264,4,422,269,5,422,269,6,422,268,7,448,261,8,441,264,9,432,286,10,427,287,11,477,304,12,469,309,13,379,331,15,270,337,17,250,325,19,258,318,21,264,324,23,542,471,24,537,454,25,426,504
1694141974.3043506,0,420,282,1,424,268,2,427,266,3,429,264,4,422,270,5,422,269,6,422,268,7,448,261,8,441,264,9,432,286,10,427,287,11,477,304,12,470,309,13,379,332,15,270,337,17,250,325,19,258,318,21,265,324,23,542,471,24,537,454,25,424,502
1694141974.3543506,0,420,282,1,424,268,2,427,266,3,429,265,4,422,270,5,422,269,6,422,268,7,448,262,8,441,264,9,432,286,10,427,287,11,477,304,12,470,308,13,380,332,15,270,338,17,250,325,19,258,318,21,265,324,23,542,471,24,537,453,25,424,501
1694141974.4043505,0,420,282,1,424,268,2,427,266,3,429,265,4,422,270,5,422,269,6,423,268,7,448,262,8,441,264,9,432,286,10,428,287,11,477,304,12,470,308,13,380,332,15,271,339,17,252,326,19,259,319,21,266,326,23,542,471,24,537,453,25,425,501
1694141974.4543507,0,421,281,1,425,268,2,427,266,3,430,264,4,423,269,5,423,268,6,424,267,7,448,261,8,442,263,9,432,286,10,429,287,11,478,304,12,470,308,13,380,331,15,271,337,17,252,324,19,259,318,21,266,325,23,542,470,24,537,453,25,425,500
1694141974.5043507,0,421,281,1,425,267,2,428,266,3,430,264,4,423,268,5,424,267,6,424,266,7,449,261,8,443,263,9,433,286,10,429,287,11,478,303,12,471,308,13,380,330,15,272,336,17,252,323,19,260,317,21,266,324,23,542,470,24,537,453,25,425,499
1694141974.5543506,0,422,280,1,426,267,2,428,265,3,430,264,4,423,268,5,424,267,6,425,266,7,449,261,8,443,263,9,433,286,10,430,287,11,478,303,12,471,307,13,380,330,15,272,336,17,253,323,19,260,317,21,267,324,23,542,469,24,537,453,25,425,499
1694141974.6043506,0,424,280,1,428,266,2,430,265,3,432,263,4,426,267,5,426,266,6,427,265,7,450,261,8,445,262,9,435,286,10,432,287,11,479,303,12,471,306,13,380,329,15,275,333,17,256,321,19,263,316,21,270,322,23,542,469,24,537,452,25,425,499
1694141974.6543505,0,428,279,1,431,265,2,433,264,3,436,262,4,429,265,5,430,265,6,431,264,7,455,260,8,450,261,9,438,285,10,435,286,11,483,302,12,471,306,13,381,326,15,275,331,17,255,319,19,262,314,21,269,320,23,542,470,24,534,453,25,426,499
1694141974.7043507,0,429,278,1,433,264,2,435,263,3,437,261,4,431,265,5,432,264,6,432,263,7,456,260,8,451,261,9,439,285,10,436,286,11,485,301,12,471,307,13,381,325,15,274,331,17,253,319,19,261,314,21,268,320,23,542,470,24,534,453,25,426,499
1694141974.7543507,0,429,277,1,433,263,2,435,262,3,438,261,4,431,264,5,432,263,6,433,262,7,457,260,8,452,261,9,440,285,10,436,285,11,486,301,12,471,307,13,381,325,15,272,331,17,250,319,19,258,314,21,265,321,23,543,470,24,533,453,25,426,499
1694141974.8043506,0,432,273,1,436,259,2,439,258,3,441,257,4,435,259,5,436,258,6,437,257,7,461,257,8,455,257,9,442,281,10,439,282,11,488,299,12,472,306,13,384,322,15,278,312,17,250,315,19,257,311,21,264,317,23,543,470,24,533,453,25,427,498
1694141974.8543506,0,438,272,1,442,258,2,444,257,3,447,256,4,440,258,5,441,257,6,442,257,7,467,256,8,461,257,9,447,280,10,445,281,11,494,296,12,473,306,13,391,319,15,287,302,17,256,306,19,262,302,21,268,310,23,545,470,24,533,453,25,429,497
1694141974.9043505,0,438,270,1,442,257,2,444,256,3,447,255,4,441,257,5,442,256,6,443,255,7,467,255,8,462,256,9,447,279,10,444,279,11,493,296,12,475,305,13,391,317,15,286,309,17,261,293,19,264,287,21,270,293,23,545,470,24,533,452,25,429,498
1694141974.9543507,0,438,270,1,443,256,2,445,255,3,447,254,4,441,256,5,443,255,6,444,254,7,467,255,8,462,255,9,447,278,10,445,278,11,493,296,12,479,303,13,390,317,15,285,312,17,263,294,19,265,285,21,271,290,23,544,470,24,534,452,25,429,498
1694141975.0043507,0,443,267,1,447,254,2,449,253,3,451,252,4,445,254,5,446,254,6,448,253,7,470,253,8,466,254,9,452,275,10,450,276,11,499,293,12,478,303,13,401,315,15,294,303,17,269,292,19,269,286,21,276,291,23,546,469,24,534,452,25,433,499
1694141975.0543506,0,447,267,1,451,254,2,453,252,3,455,251,4,450,254,5,451,253,6,452,252,7,476,251,8,471,252,9,457,275,10,455,276,11,505,292,12,478,304,13,407,313,15,300,301,17,273,296,19,278,288,21,285,293,23,550,469,24,533,451,25,433,500
1694141975.1043506,0,449,266,1,452,252,2,454,251,3,457,249,4,451,252,5,452,252,6,453,251,7,478,249,8,472,250,9,459,274,10,457,275,11,509,291,12,478,304,13,409,311,15,298,299,17,270,296,19,277,292,21,284,294,23,551,469,24,533,451,25,431,497
1694141975.1543505,0,449,266,1,452,252,2,454,251,3,457,250,4,451,252,5,452,252,6,454,251,7,478,250,8,472,251,9,460,274,10,458,275,11,509,290,12,479,303,13,410,311,15,296,301,17,271,298,19,277,291,21,283,294,23,551,469,24,533,450,25,426,497
1694141975.2043507,0,454,266,1,457,253,2,459,251,3,461,250,4,456,253,5,457,252,6,459,251,7,483,250,8,478,251,9,464,274,10,463,275,11,511,290,12,488,303,13,411,310,15,304,302,17,282,299,19,289,292,21,296,298,23,555,468,24,538,450,25,426,495
1694141975.2543507,0,464,266,1,467,252,2,469,251,3,471,250,4,466,253,5,468,252,6,469,251,7,491,249,8,488,250,9,473,275,10,472,275,11,516,290,12,499,303,13,414,309,15,329,300,17,311,292,19,317,292,21,324,297,23,557,468,24,544,450,25,426,494
1694141975.3043506,0,465,266,1,469,252,2,471,251,3,473,250,4,468,253,5,469,252,6,470,251,7,494,249,8,490,250,9,475,274,10,474,275,11,520,290,12,501,303,13,424,309,15,333,301,17,316,291,19,322,291,21,329,297,23,559,468,24,545,450,25,429,497
1694141975.3543506,0,475,263,1,479,249,2,481,249,3,483,247,4,478,250,5,479,249,6,480,249,7,502,248,8,499,248,9,485,272,10,483,273,11,525,290,12,509,302,13,436,310,15,352,302,17,332,293,19,342,291,21,349,296,23,561,468,24,550,451,25,430,496
1694141975.4043505,0,477,262,1,481,248,2,483,247,3,486,246,4,480,249,5,481,248,6,482,247,7,505,247,8,501,247,9,487,271,10,485,272,11,529,290,12,509,301,13,438,310,15,351,302,17,335,294,19,340,291,21,347,296,23,564,467,24,551,450,25,435,495
1694141975.4543507,0,485,260,1,490,247,2,492,246,3,495,245,4,489,247,5,490,246,6,491,246,7,513,246,8,510,246,9,495,270,10,492,270,11,539,293,12,522,300,13,459,319,15,379,302,17,357,295,19,355,292,21,362,297,23,571,467,24,558,449,25,444,485
1694141975.5043507,0,486,259,1,490,246,2,493,245,3,495,244,4,489,246,5,489,246,6,491,245,7,514,245,8,511,246,9,497,269,10,493,270,11,541,294,12,525,300,13,462,322,15,376,303,17,353,296,19,350,293,21,357,297,23,571,467,24,559,450,25,443,476
1694141975.5543506,0,493,260,1,497,246,2,500,245,3,503,245,4,494,247,5,494,247,6,495,246,7,524,246,8,518,246,9,505,270,10,500,272,11,555,300,12,527,305,13,489,337,15,399,310,17,379,303,19,379,298,21,384,301,23,579,468,24,558,452,25,459,475
1694141975.6043506,0,493,264,1,496,251,2,499,249,3,502,248,4,493,252,5,493,251,6,494,250,7,524,246,8,516,247,9,506,273,10,501,275,11,560,303,12,526,307,13,496,343,15,405,314,17,385,306,19,385,300,21,390,303,23,581,468,24,556,454,25,463,470
1694141975.6543505,0,501,269,1,504,255,2,507,254,3,511,252,4,500,256,5,499,256,6,499,255,7,532,248,8,521,250,9,515,278,10,509,280,11,577,309,12,532,310,13,527,365,15,431,336,17,407,330,19,406,322,21,411,324,23,588,469,24,555,456,25,483,471
1694141975.7043507,0,505,271,1,507,258,2,510,256,3,514,254,4,503,259,5,503,258,6,503,258,7,534,250,8,522,252,9,520,280,10,513,282,11,581,310,12,533,311,13,528,368,15,431,339,17,409,333,19,409,325,21,414,326,23,589,469,24,555,457,25,479,474
1694141975.7543507,0,511,272,1,514,259,2,516,257,3,519,256,4,510,260,5,510,259,6,510,258,7,538,252,8,528,253,9,524,281,10,519,282,11,589,314,12,545,310,13,549,389,15,446,372,17,421,383,19,419,372,21,424,367,23,595,469,24,562,457,25,483,469
1694141975.8043506,0,513,273,1,516,260,2,519,258,3,522,257,4,511,260,5,511,260,6,511,259,7,541,253,8,528,254,9,527,282,10,521,283,11,590,314,12,546,309,13,550,391,15,447,372,17,424,384,19,420,374,21,426,369,23,595,469,24,561,456,25,479,471
1694141975.8543506,0,519,273,1,523,259,2,525,258,3,528,257,4,518,260,5,518,259,6,518,259,7,546,252,8,536,254,9,533,281,10,528,283,11,594,312,12,553,310,13,569,398,15,468,393,17,443,400,19,438,383,21,444,381,23,598,469,24,562,456,25,483,471
1694141975.9043505,0,521,272,1,525,259,2,528,258,3,531,256,4,521,259,5,521,259,6,521,258,7,548,252,8,539,253,9,534,281,10,529,282,11,596,311,12,555,310,13,568,399,15,467,394,17,443,403,19,438,389,21,445,386,23,600,469,24,563,455,25,484,471
1694141975.9543507,0,528,271,1,532,259,2,534,258,3,537,256,4,528,259,5,528,259,6,529,258,7,554,252,8,545,253,9,540,280,10,536,281,11,600,311,12,563,309,13,577,401,15,483,412,17,460,426,19,454,413,21,458,408,23,602,469,24,567,455,25,482,472
1694141976.0043507,0,530,270,1,534,258,2,536,257,3,539,255,4,531,258,5,531,258,6,532,257,7,556,251,8,549,253,9,543,279,10,539,280,11,599,311,12,568,308,13,578,402,15,486,414,17,463,430,19,457,419,21,462,412,23,602,469,24,570,454,25,482,473
1694141976.0543506,0,534,266,1,539,255,2,541,253,3,544,252,4,536,255,5,537,254,6,537,253,7,561,250,8,554,251,9,546,275,10,542,276,11,602,310,12,571,308,13,587,402,15,496,428,17,477,450,19,468,443,21,471,436,23,602,469,24,571,454,25,481,478
1694141976.1043506,0,533,264,1,539,252,2,541,251,3,544,250,4,537,252,5,538,252,6,539,251,7,561,249,8,556,250,9,545,273,10,541,273,11,601,309,12,575,308,13,589,402,15,497,430,17,478,452,19,469,445,21,472,439,23,601,469,24,573,455,25,480,477
1694141976.1543505,0,536,262,1,542,250,2,544,249,3,547,248,4,540,250,5,540,250,6,541,249,7,564,248,8,558,249,9,547,270,10,544,270,11,600,309,12,579,307,13,588,403,15,504,443,17,485,466,19,476,459,21,479,451,23,601,470,24,578,454,25,479,483
1694141976.2043507,0,537,259,1,543,248,2,545,247,3,547,246,4,540,248,5,541,248,6,542,247,7,564,247,8,558,248,9,547,268,10,544,268,11,600,309,12,579,307,13,586,404,15,505,444,17,487,468,19,477,461,21,480,453,23,600,471,24,579,453,25,479,485
1694141976.2543507,0,538,258,1,544,247,2,546,246,3,548,245,4,541,248,5,542,247,6,543,247,7,565,247,8,559,248,9,548,267,10,544,267,11,600,309,12,578,307,13,586,404,15,508,446,17,489,467,19,478,460,21,482,452,23,600,471,24,579,452,25,478,484
1694141976.3043506,0,538,257,1,544,246,2,546,245,3,548,244,4,542,246,5,543,246,6,544,246,7,565,247,8,560,247,9,547,266,10,544,267,11,600,309,12,578,307,13,585,404,15,509,446,17,489,467,19,479,459,21,483,452,23,600,471,24,579,452,25,477,484
1694141976.3543506,0,537,256,1,543,245,2,545,245,3,548,244,4,541,245,5,542,245,6,543,245,7,564,246,8,559,247,9,546,266,10,543,266,11,600,309,12,576,306,13,583,405,15,509,449,17,491,469,19,481,461,21,485,455,23,600,471,24,579,451,25,477,485
1694141976.4043505,0,536,256,1,543,245,2,545,244,3,547,244,4,541,245,5,541,245,6,542,244,7,564,246,8,559,247,9,545,266,10,542,266,11,599,309,12,575,306,13,582,405,15,509,450,17,491,469,19,481,461,21,484,455,23,600,471,24,579,450,25,477,486
1694141976.4543507,0,536,256,1,542,245,2,544,244,3,546,244,4,540,245,5,540,245,6,541,245,7,563,246,8,558,247,9,545,266,10,542,266,11,599,309,12,575,306,13,581,405,15,507,451,17,489,470,19,480,462,21,483,456,23,600,471,24,579,450,25,477,488
1694141976.5043507,0,535,256,1,541,245,2,543,245,3,546,244,4,539,246,5,540,245,6,541,245,7,563,246,8,558,247,9,545,266,10,542,267,11,599,309,12,574,306,13,580,404,15,507,451,17,490,470,19,480,462,21,484,455,23,600,471,24,578,450,25,477,488
1694141976.5543506,0,531,258,1,536,246,2,538,246,3,540,245,4,534,247,5,535,246,6,535,246,7,558,247,8,553,247,9,542,267,10,539,268,11,598,309,12,569,305,13,579,405,15,507,452,17,489,471,19,480,463,21,483,456,23,600,471,24,576,448,25,478,489
1694141976.6043506,0,530,260,1,535,248,2,537,247,3,539,246,4,532,248,5,532,248,6,533,247,7,556,247,8,550,248,9,541,268,10,538,269,11,597,309,12,566,304,13,579,406,15,506,454,17,488,472,19,479,464,21,482,457,23,600,471,24,574,448,25,478,489
1694141976.6543505,0,526,267,1,529,255,2,531,254,3,533,253,4,526,256,5,526,255,6,526,254,7,550,252,8,543,252,9,538,276,10,534,277,11,596,312,12,562,305,13,579,410,15,505,456,17,487,473,19,478,466,21,481,459,23,600,471,24,572,448,25,478,489
1694141976.7043507,0,524,270,1,527,258,2,529,257,3,531,256,4,524,259,5,524,258,6,524,257,7,548,254,8,541,254,9,536,278,10,532,280,11,596,314,12,562,305,13,579,411,15,504,456,17,486,474,19,478,466,21,481,460,23,600,472,24,571,447,25,478,489
