1694142340.765531,0,542,242,1,550,237,2,551,237,3,553,238,4,548,237,5,549,238,6,550,238,7,567,243,8,563,243,9,548,250,10,545,251,11,587,309,12,567,307,13,587,400,15,514,436,16,509,418,17,498,448,19,494,441,20,490,425,21,499,436,23,604,423,24,586,410,25,523,466
1694142340.815531,0,541,242,1,547,236,2,549,236,3,551,237,4,546,236,5,547,237,6,548,237,7,566,242,8,562,242,9,547,251,10,545,252,11,588,309,12,565,307,13,587,400,15,514,437,16,505,418,17,496,450,19,492,442,20,488,425,21,497,437,23,596,444,24,578,428,25,470,469
1694142340.865531,0,540,243,1,546,236,2,548,236,3,549,236,4,545,236,5,546,237,6,547,237,7,564,242,8,560,242,9,546,253,10,544,253,11,588,309,12,564,307,13,588,402,15,513,437,16,502,419,17,495,450,19,490,442,20,485,425,21,496,437,22,491,423,23,594,449,24,575,433,25,465,470
1694142340.9155312,0,536,243,1,543,235,2,544,235,3,546,236,4,542,235,5,543,236,6,544,236,7,560,242,8,558,242,9,542,253,10,540,253,11,588,309,12,563,307,13,590,403,15,513,438,16,500,419,17,495,451,18,487,428,19,490,443,20,484,425,21,495,437,22,488,423,23,593,453,24,573,436,25,464,470
1694142340.965531,0,535,242,1,541,235,2,543,235,3,544,235,4,541,235,5,542,235,6,543,235,7,559,241,8,557,241,9,540,253,10,539,253,11,588,309,12,563,307,13,591,404,15,513,438,16,501,419,17,495,452,18,487,428,19,489,443,20,483,425,21,494,438,22,488,423,23,591,455,24,574,438,25,464,470
1694142341.015531,0,534,241,1,541,233,2,543,233,3,544,234,4,540,233,5,542,233,6,543,233,7,559,240,8,556,239,9,539,253,10,538,253,11,588,309,12,563,307,13,592,405,15,513,439,16,500,419,17,494,454,18,486,428,19,488,443,20,483,426,21,493,438,22,488,424,23,592,457,24,573,439,25,465,472
1694142341.065531,0,530,244,1,537,234,2,539,234,3,541,234,4,536,234,5,537,234,6,539,234,7,556,240,8,553,239,9,536,255,10,534,255,11,587,309,12,562,306,13,592,405,15,513,439,16,501,419,17,494,455,18,486,428,19,488,443,20,483,426,21,493,438,22,488,424,23,591,457,24,572,438,25,463,472
1694142341.115531,0,527,244,1,535,234,2,537,234,3,540,234,4,533,234,5,534,234,6,534,234,7,554,240,8,549,240,9,534,255,10,531,255,11,581,309,12,558,306,13,592,406,15,514,440,16,501,419,17,494,456,18,486,429,19,488,443,20,483,426,21,493,437,22,488,424,23,592,457,24,572,437,25,463,473,29,513,539
1694142341.1655312,0,525,245,1,533,234,2,535,234,3,538,235,4,531,234,5,532,234,6,533,234,7,552,240,8,547,240,9,532,256,10,529,256,11,579,309,12,557,306,13,593,407,15,514,440,16,501,419,17,494,457,18,486,429,19,488,443,20,483,426,21,493,437,22,488,424,23,591,458,24,572,437,25,462,473,29,513,539
1694142341.215531,0,525,245,1,533,235,2,535,235,3,537,235,4,531,235,5,532,235,6,533,235,7,551,240,8,547,240,9,531,256,10,529,256,11,578,309,12,557,306,13,593,407,15,514,440,16,501,418,17,494,457,18,486,428,19,489,443,20,483,426,21,493,437,22,489,424,23,591,459,24,572,438,25,462,472,29,514,539
1694142341.265531,0,522,245,1,530,235,2,532,235,3,534,235,4,528,235,5,529,235,6,531,235,7,549,241,8,545,240,9,528,256,10,526,256,11,576,309,12,557,306,13,594,407,15,515,433,16,506,417,17,496,449,18,489,428,19,491,435,20,487,425,21,496,431,22,492,422,23,591,458,24,572,439,25,463,466,29,514,539
1694142341.315531,0,521,245,1,529,235,2,531,235,3,533,235,4,528,234,5,529,234,6,530,234,7,548,241,8,544,240,9,527,256,10,525,256,11,575,309,12,557,305,13,594,407,15,515,431,16,508,416,17,497,446,19,492,433,21,498,428,23,591,457,24,573,439,25,463,464,29,514,539
1694142341.365531,0,521,244,1,529,234,2,531,234,3,533,234,4,528,234,5,530,234,6,531,234,7,548,241,8,545,240,9,527,256,10,525,256,11,574,309,12,557,305,13,594,407,15,515,429,17,497,444,19,493,432,21,498,427,23,591,458,24,573,439,25,464,463,29,512,539
1694142341.4155312,0,521,244,1,529,234,2,531,234,3,533,234,4,528,234,5,530,234,6,531,234,7,548,241,8,545,240,9,527,256,10,526,256,11,574,309,12,557,305,13,596,407,15,517,427,17,500,439,19,496,428,21,501,425,23,590,459,24,573,442,25,464,464,29,511,539
1694142341.465531,0,521,245,1,530,234,2,532,235,3,534,235,4,529,234,5,530,234,6,531,234,7,548,242,8,546,240,9,528,256,10,526,256,11,574,310,12,560,306,13,603,406,15,524,424,17,508,433,19,504,424,21,509,421,23,590,459,24,574,443,25,465,464,29,511,539,31,458,539
1694142341.515531,0,521,245,1,530,235,2,532,235,3,534,235,4,529,235,5,530,235,6,531,235,7,549,242,8,546,241,9,528,257,10,526,257,11,574,310,12,561,306,13,605,406,15,526,424,17,510,432,19,506,423,21,511,420,23,590,460,24,575,444,25,465,464,29,511,539,31,458,539
1694142341.565531,0,521,245,1,530,235,2,532,235,3,534,235,4,529,235,5,530,235,6,531,235,7,549,242,8,546,241,9,528,257,10,526,257,11,575,310,12,562,306,13,606,406,15,527,423,17,510,431,19,506,423,21,511,420,23,590,460,24,575,446,25,465,464,27,491,539,29,511,539,31,459,539
1694142341.615531,0,521,245,1,530,235,2,532,235,3,534,235,4,529,235,5,530,235,6,531,235,7,549,242,8,546,241,9,529,257,10,527,257,11,578,310,12,564,306,13,616,404,15,535,421,17,517,429,19,513,421,21,519,418,23,590,460,24,576,445,25,465,464,27,491,539,29,509,539,31,454,539
1694142341.6655312,0,524,243,1,533,233,2,535,234,3,537,234,4,532,233,5,533,234,6,535,234,7,552,241,8,549,240,9,531,254,10,529,254,11,583,310,12,568,306,13,622,403,15,541,420,17,523,429,19,520,420,21,525,417,23,591,460,24,577,444,25,465,461,27,492,539,29,508,539,31,452,539
1694142341.715531,0,525,243,1,535,233,2,536,234,3,538,234,4,534,233,5,535,234,6,536,234,7,553,241,8,551,240,9,532,254,10,530,254,11,585,310,12,569,305,13,623,402,15,543,420,17,525,429,19,522,420,21,527,416,23,591,460,24,577,444,25,465,461,27,488,539,29,507,539,31,452,539
1694142341.765531,0,526,243,1,536,234,2,537,234,3,539,234,4,535,234,5,536,234,6,537,234,7,554,241,8,551,240,9,533,254,10,531,254,11,586,310,12,568,305,13,624,401,15,544,419,17,526,428,19,522,420,21,527,416,23,591,460,24,577,444,25,465,461,27,489,539,29,506,539,31,451,539
1694142341.815531,0,530,242,1,539,233,2,541,233,3,543,233,4,538,233,5,540,233,6,541,233,7,558,240,8,555,239,9,537,253,10,535,253,11,589,310,12,570,304,13,626,401,15,546,418,17,528,427,19,526,418,21,531,415,23,591,460,24,577,444,25,466,459,27,488,539,29,504,539,31,447,539
1694142341.865531,0,536,242,1,545,233,2,547,233,3,549,233,4,543,233,5,544,233,6,544,233,7,565,240,8,559,239,9,543,253,10,540,253,11,593,310,12,573,304,13,629,400,15,548,415,17,531,424,19,529,416,21,533,413,23,593,460,24,578,443,25,467,453,27,479,539,29,498,539,31,437,539
1694142341.9155312,0,537,244,1,546,234,2,548,234,3,550,234,4,543,234,5,544,234,6,545,234,7,566,241,8,560,240,9,545,255,10,542,255,11,594,310,12,576,303,13,630,400,15,547,414,17,531,422,19,528,415,21,532,412,23,594,460,24,579,443,25,469,454,29,497,539
1694142341.965531,0,538,245,1,547,235,2,549,235,3,552,235,4,545,235,5,546,235,6,546,235,7,568,242,8,562,240,9,547,257,10,543,256,11,595,310,12,578,303,13,630,399,15,546,413,17,531,422,19,528,414,21,532,412,23,594,460,24,580,443,25,470,454,29,496,539
1694142342.015531,0,541,246,1,550,236,2,552,236,3,554,236,4,548,236,5,549,236,6,550,235,7,570,242,8,565,240,9,549,257,10,546,257,11,597,310,12,579,303,13,633,399,15,550,412,17,534,420,19,531,413,21,535,410,23,594,459,24,580,443,25,470,445,29,492,539
1694142342.065531,0,544,247,1,552,237,2,555,236,3,557,236,4,550,237,5,551,236,6,551,236,7,573,242,8,568,241,9,552,258,10,549,258,11,600,309,12,583,302,13,636,398,15,553,412,17,537,420,19,534,412,21,539,410,23,595,459,24,580,443,25,470,439,29,490,539
1694142342.115531,0,545,247,1,553,237,2,556,236,3,558,236,4,551,237,5,552,237,6,552,236,7,574,242,8,569,241,9,553,258,10,549,258,11,600,309,12,584,302,13,637,398,15,554,411,17,537,419,19,535,412,21,539,409,23,595,459,24,580,443,25,471,438,29,489,539
1694142342.1655312,0,545,247,1,554,237,2,556,237,3,559,236,4,551,237,5,552,237,6,553,236,7,574,242,8,569,241,9,553,258,10,549,258,11,600,309,12,584,302,13,637,398,15,553,411,17,537,419,19,534,412,21,539,409,23,595,459,24,581,443,25,471,440,29,486,539
1694142342.215531,0,547,247,1,556,237,2,558,237,3,561,236,4,554,237,5,554,237,6,555,236,7,577,242,8,572,241,9,554,258,10,551,258,11,603,309,12,586,302,13,639,398,15,553,411,17,537,419,19,535,412,21,539,410,23,595,458,24,581,443,25,471,441,29,488,539
1694142342.265531,0,550,246,1,559,236,2,562,236,3,564,236,4,557,236,5,557,236,6,558,236,7,580,242,8,574,241,9,558,257,10,554,257,11,605,308,12,589,302,13,640,398,15,555,412,17,539,420,19,537,412,21,542,410,23,595,457,24,581,442,25,471,444,29,489,539
1694142342.315531,0,550,245,1,560,236,2,562,236,3,565,236,4,557,236,5,558,236,6,559,236,7,580,242,8,575,241,9,558,256,10,554,256,11,606,308,12,589,302,13,640,398,15,556,412,17,540,420,19,537,412,21,542,410,23,595,457,24,581,442,25,470,446,29,490,539
1694142342.365531,0,550,245,1,560,236,2,562,236,3,565,236,4,558,236,5,559,236,6,560,235,7,580,242,8,575,241,9,557,256,10,554,256,11,606,308,12,590,301,13,640,398,15,556,412,17,540,420,19,537,413,21,542,410,23,595,457,24,581,441,25,469,446,29,490,539
1694142342.4155312,0,550,244,1,559,235,2,562,235,3,564,235,4,558,235,5,559,235,6,560,235,7,580,242,8,575,241,9,557,256,10,554,256,11,606,308,12,589,301,13,640,398,15,556,412,17,539,420,19,537,412,21,541,410,23,594,458,24,581,441,25,468,451,29,494,539
1694142342.465531,0,549,244,1,559,234,2,561,235,3,564,235,4,557,234,5,558,234,6,560,234,7,579,242,8,575,241,9,556,256,10,553,256,11,606,310,12,589,301,13,639,399,15,555,412,17,538,420,19,535,412,21,540,410,23,592,459,24,579,441,25,467,455,29,502,539
1694142342.515531,0,549,244,1,559,234,2,561,234,3,564,235,4,557,234,5,558,234,6,559,234,7,579,242,8,575,241,9,556,256,10,553,256,11,605,310,12,589,301,13,639,399,15,555,412,17,537,420,19,534,412,21,539,410,23,592,459,24,578,441,25,466,456,29,504,539
1694142342.565531,0,549,244,1,558,234,2,561,234,3,563,235,4,557,234,5,558,234,6,559,234,7,579,242,8,575,241,9,556,256,10,552,256,11,605,311,12,589,301,13,638,400,15,555,412,17,536,420,19,533,413,21,538,410,23,591,460,24,578,441,25,466,456,29,504,539
1694142342.615531,0,548,244,1,557,234,2,559,234,3,562,235,4,555,234,5,556,234,6,558,234,7,578,242,8,574,241,9,555,256,10,552,256,11,604,311,12,581,302,13,632,401,15,542,413,17,524,422,19,520,414,21,525,411,23,590,460,24,574,441,25,465,456,29,504,539
1694142342.6655312,0,546,244,1,555,234,2,557,234,3,560,235,4,552,234,5,553,234,6,554,234,7,576,242,8,571,241,9,553,256,10,550,256,11,601,311,12,576,302,13,613,404,15,528,418,17,511,429,19,505,419,21,510,416,23,590,460,24,573,440,25,465,457,29,508,539
1694142342.715531,0,545,244,1,553,234,2,555,234,3,558,235,4,551,234,5,551,234,6,552,234,7,574,242,8,568,241,9,552,256,10,549,256,11,600,310,12,573,302,13,609,406,15,525,420,17,509,432,19,503,422,21,508,418,23,590,460,24,572,439,25,465,457,29,509,539,31,456,539
1694142342.765531,0,544,244,1,552,234,2,554,234,3,557,235,4,550,234,5,550,234,6,551,234,7,572,242,8,567,241,9,551,256,10,548,256,11,598,310,12,573,302,13,608,407,15,524,420,17,509,432,19,502,422,21,507,419,23,590,460,24,572,439,25,465,457,27,489,539,29,510,539,31,457,539
1694142342.815531,0,540,244,1,548,234,2,551,234,3,553,235,4,546,234,5,546,234,6,547,234,7,569,243,8,563,241,9,547,257,10,544,257,11,596,312,12,568,303,13,591,407,15,509,423,17,491,437,19,485,426,21,490,423,23,590,460,24,571,437,25,465,457,27,490,539,29,511,539,31,457,539
1694142342.865531,0,534,244,1,542,235,2,544,235,3,547,235,4,539,234,5,539,234,6,540,234,7,563,243,8,557,242,9,541,258,10,538,258,11,590,313,12,562,306,13,572,408,15,494,429,17,478,442,19,473,433,21,479,430,23,591,460,24,570,437,25,465,457,27,490,539,29,510,539,31,457,539
1694142342.9155312,0,532,245,1,540,235,2,542,235,3,545,235,4,537,235,5,538,234,6,539,234,7,560,244,8,555,242,9,539,258,10,536,258,11,588,314,12,561,307,13,571,408,15,494,430,17,478,444,19,473,435,21,478,432,23,591,460,24,570,438,25,466,457,27,489,539,29,510,539,31,456,539
1694142342.965531,0,532,245,1,540,236,2,542,236,3,545,236,4,538,235,5,538,235,6,539,235,7,560,244,8,554,242,9,539,259,10,536,259,11,589,314,12,558,307,13,573,408,15,495,431,17,478,444,19,473,435,21,479,432,23,592,460,24,571,438,25,466,457,27,489,539,29,510,539,31,456,539
1694142343.015531,0,526,247,1,533,237,2,536,237,3,538,237,4,531,237,5,531,237,6,532,237,7,554,245,8,548,243,9,534,261,10,530,261,11,582,314,12,556,307,13,566,409,15,493,434,17,478,447,19,472,438,21,477,435,23,592,460,24,571,438,25,467,458,27,490,539,29,510,539,31,455,539
1694142343.065531,0,516,250,1,523,240,2,525,240,3,528,240,4,521,240,5,522,239,6,523,239,7,544,247,8,540,245,9,524,264,10,521,263,11,573,315,12,552,308,13,568,410,15,495,436,17,478,450,19,473,438,21,478,435,23,592,460,24,571,438,25,467,460,27,491,539,29,510,539,31,457,539
1694142343.115531,0,515,251,1,523,240,2,526,240,3,528,241,4,521,240,5,521,240,6,522,240,7,543,248,8,538,246,9,524,264,10,520,264,11,573,315,12,549,308,13,568,411,15,494,435,17,478,448,19,472,438,21,477,435,23,594,458,24,571,437,25,468,460,27,491,539,29,510,539,31,458,539
1694142343.1655312,0,513,252,1,521,241,2,524,241,3,526,241,4,520,241,5,520,241,6,522,241,7,541,248,8,537,246,9,521,264,10,519,264,11,572,316,12,549,308,13,569,412,15,494,434,17,478,447,19,472,437,21,478,434,23,594,458,24,572,438,25,468,460,27,491,539,29,510,539,31,458,539
1694142343.215531,0,506,253,1,514,242,2,516,242,3,519,242,4,512,242,5,513,242,6,514,242,7,534,249,8,530,248,9,514,266,10,512,266,11,566,316,12,546,308,13,567,412,15,492,434,17,476,446,19,471,437,21,477,434,23,594,459,24,572,439,25,468,461,27,491,539,29,510,539,31,457,539
1694142343.265531,0,499,259,1,505,247,2,508,247,3,510,246,4,504,247,5,504,247,6,506,246,7,527,252,8,524,251,9,509,272,10,506,272,11,561,317,12,543,309,13,564,413,15,488,434,17,473,446,19,469,436,21,474,434,23,593,460,24,572,440,25,468,462,27,492,539,29,511,539,31,457,539
1694142343.315531,0,497,258,1,504,246,2,507,246,3,509,246,4,502,246,5,503,246,6,504,246,7,525,252,8,521,251,9,506,271,10,504,271,11,559,317,12,540,308,13,564,413,15,487,433,17,472,445,19,468,436,21,473,433,23,592,460,24,572,440,25,468,463,27,493,539,29,512,539,31,456,539
1694142343.365531,0,496,259,1,503,247,2,505,247,3,507,247,4,502,247,5,503,247,6,505,247,7,523,253,8,520,252,9,505,271,10,503,272,11,559,317,12,540,309,13,564,413,15,487,433,17,472,445,19,467,436,21,473,433,23,592,460,24,574,440,25,468,464,27,494,539,29,513,539,31,456,539
1694142343.4155312,0,492,259,1,499,247,2,502,247,3,504,247,4,498,248,5,499,247,6,501,247,7,521,253,8,518,252,9,501,271,10,499,272,11,557,318,12,537,309,13,561,413,15,485,433,17,470,445,19,465,437,21,471,434,23,591,460,24,574,441,25,467,464,27,495,539,29,515,539,31,456,539
1694142343.465531,0,492,259,1,499,247,2,501,247,3,503,247,4,498,247,5,499,247,6,501,247,7,520,253,8,517,252,9,501,271,10,499,271,11,555,318,12,537,309,13,558,414,15,482,434,17,467,445,19,463,437,21,469,434,23,588,462,24,573,442,25,465,464,27,491,539,29,516,539,31,459,539
1694142343.515531,0,492,258,1,500,247,2,502,247,3,504,247,4,499,247,5,500,247,6,501,247,7,520,253,8,516,252,9,501,270,10,499,271,11,554,319,12,537,309,13,557,415,15,481,434,17,466,444,19,462,437,21,467,434,23,587,462,24,573,442,25,464,464,27,494,539,29,518,539,31,460,539
1694142343.565531,0,493,258,1,500,247,2,502,247,3,504,247,4,499,247,5,500,247,6,501,247,7,520,253,8,516,252,9,502,270,10,499,271,11,554,319,12,537,309,13,556,415,15,481,435,17,466,445,19,461,437,21,467,434,23,586,462,24,573,442,25,463,464,27,496,539,29,518,539,31,461,539
1694142343.615531,0,494,258,1,501,247,2,503,247,3,505,247,4,500,247,5,501,247,6,502,247,7,521,253,8,517,252,9,503,270,10,501,271,11,554,320,12,537,310,13,554,415,15,480,435,17,465,444,19,460,437,21,466,434,23,585,463,24,572,442,25,461,463,27,490,539,29,518,539,31,460,539
1694142343.6655312,0,495,258,1,502,247,2,504,247,3,507,247,4,501,247,5,502,247,6,503,247,7,523,253,8,519,252,9,504,270,10,501,270,11,556,320,12,538,309,13,553,415,15,480,435,17,465,444,19,460,437,21,465,434,23,584,463,24,571,442,25,460,462,27,488,539,29,518,539,31,460,539
1694142343.715531,0,496,258,1,503,247,2,505,247,3,507,247,4,501,247,5,502,247,6,503,247,7,523,253,8,519,252,9,504,270,10,502,270,11,556,319,12,538,309,13,553,415,15,480,435,17,464,444,19,459,437,21,465,434,23,584,463,24,571,442,25,460,462,27,487,539,29,517,539,31,459,539
1694142343.765531,0,496,258,1,504,247,2,506,247,3,508,247,4,502,247,5,503,247,6,504,247,7,524,252,8,520,251,9,505,270,10,502,270,11,557,319,12,538,309,13,553,415,15,480,434,17,465,444,19,459,436,21,465,433,23,584,463,24,570,442,25,459,461,27,486,539,29,517,539,31,459,539
1694142343.815531,0,497,257,1,504,246,2,506,246,3,509,246,4,502,247,5,503,247,6,504,247,7,525,252,8,520,251,9,507,268,10,503,269,11,557,319,12,538,309,13,553,414,15,481,434,17,465,444,19,460,436,21,465,433,23,584,462,24,570,441,25,460,461,27,486,539,29,517,539,31,457,539
1694142343.865531,0,502,256,1,508,246,2,510,245,3,513,245,4,506,246,5,507,246,6,507,245,7,529,251,8,523,250,9,510,267,10,506,267,11,559,319,12,538,309,13,554,414,15,481,434,17,465,443,19,460,435,21,466,432,23,584,461,24,570,441,25,460,461,27,488,539,29,516,539,31,455,539
1694142343.9155312,0,503,255,1,510,245,2,512,245,3,514,245,4,508,245,5,508,245,6,509,244,7,531,250,8,525,249,9,511,266,10,508,266,11,561,318,12,539,309,13,554,414,15,481,433,17,465,443,19,460,435,21,466,432,23,585,461,24,570,441,25,460,460,27,489,539,29,515,539,31,455,539
1694142343.965531,0,504,255,1,511,245,2,513,244,3,515,244,4,508,244,5,509,244,6,510,244,7,532,250,8,526,249,9,512,266,10,509,266,11,561,318,12,539,309,13,554,414,15,481,433,17,466,443,19,460,435,21,466,432,23,585,460,24,570,441,25,460,460,27,490,539,29,515,539,31,454,539
1694142344.015531,0,507,254,1,513,244,2,515,244,3,517,244,4,511,244,5,512,244,6,512,244,7,534,250,8,529,249,9,515,266,10,512,266,11,562,318,12,540,309,13,555,414,15,481,433,17,466,443,19,460,435,21,466,432,23,585,460,24,570,441,25,460,460,27,487,539,29,514,539,31,454,539
1694142344.065531,0,509,254,1,515,244,2,517,244,3,519,244,4,514,244,5,514,244,6,515,244,7,537,250,8,532,249,9,517,266,10,514,266,11,563,318,12,543,309,13,555,414,15,482,433,17,466,442,19,460,435,21,466,432,23,585,460,24,570,441,25,460,460,27,487,539,29,514,539,31,453,539
1694142344.115531,0,510,254,1,516,244,2,518,244,3,521,244,4,515,244,5,515,244,6,516,243,7,538,250,8,533,249,9,518,266,10,515,265,11,564,317,12,543,309,13,555,414,15,482,433,17,466,442,19,461,434,21,467,431,23,585,460,24,570,440,25,461,459,27,486,539,29,513,539,31,452,539
1694142344.1655312,0,510,254,1,517,244,2,519,244,3,521,244,4,515,244,5,516,243,6,516,243,7,539,250,8,533,248,9,519,265,10,515,265,11,565,317,12,543,309,13,555,414,15,482,433,17,466,442,19,461,434,21,467,431,23,585,459,24,570,440,25,461,459,27,485,539,29,512,539,31,450,539
1694142344.215531,0,511,253,1,518,244,2,520,244,3,522,244,4,516,244,5,517,243,6,518,243,7,539,250,8,534,248,9,519,265,10,516,265,11,565,317,12,544,308,13,556,413,15,483,433,17,467,442,19,461,434,21,468,431,23,585,459,24,570,439,25,461,460,27,485,539,29,510,539,31,450,539
1694142344.265531,0,512,253,1,519,244,2,521,243,3,523,244,4,517,243,5,518,243,6,519,243,7,541,250,8,535,248,9,520,265,10,517,265,11,567,317,12,545,307,13,557,412,15,484,433,17,467,442,19,462,434,21,468,431,23,586,458,24,570,438,25,461,460,27,484,539,29,510,539,31,450,539
1694142344.315531,0,513,253,1,520,243,2,522,243,3,524,243,4,518,243,5,518,243,6,519,243,7,541,249,8,536,248,9,521,265,10,518,264,11,567,317,12,545,307,13,558,412,15,484,433,17,467,442,19,462,434,21,468,431,23,586,458,24,570,438,25,461,460,27,486,539,29,510,539,31,450,539
1694142344.365531,0,513,253,1,520,243,2,522,243,3,524,243,4,518,243,5,518,243,6,519,242,7,541,249,8,536,248,9,521,264,10,518,264,11,567,317,12,544,307,13,558,412,15,484,433,17,468,442,19,463,434,21,469,431,23,586,458,24,570,438,25,461,459,27,485,539,29,510,539,31,450,539
1694142344.4155312,0,513,252,1,520,243,2,522,243,3,524,243,4,518,242,5,519,242,6,520,242,7,541,249,8,536,248,9,521,264,10,518,263,11,567,317,12,544,306,13,558,412,15,484,432,17,468,442,19,463,434,21,469,431,23,586,458,24,570,437,25,462,459,27,487,539,29,510,539,31,451,539
1694142344.465531,0,513,251,1,520,242,2,522,242,3,524,242,4,518,242,5,519,242,6,520,241,7,541,249,8,536,247,9,521,263,10,518,262,11,567,317,12,544,306,13,558,412,15,484,432,17,468,442,19,463,434,21,469,431,23,586,458,24,570,436,25,462,459,27,488,539,29,510,539,31,451,539
1694142344.515531,0,513,251,1,520,242,2,522,242,3,524,242,4,518,241,5,519,241,6,520,241,7,541,249,8,536,247,9,521,263,10,518,262,11,567,317,12,544,306,13,558,412,15,484,432,17,468,442,19,463,434,21,469,431,23,586,458,24,569,436,25,462,459,27,488,539,29,510,539,31,451,539
1694142344.565531,0,513,251,1,520,241,2,522,241,3,524,242,4,518,241,5,519,241,6,520,241,7,541,248,8,536,247,9,521,263,10,517,262,11,567,317,12,544,306,13,562,412,15,485,427,17,468,437,19,462,429,21,468,426,23,585,458,24,569,436,25,462,458,27,488,539,29,509,539,31,445,539
1694142344.615531,0,512,251,1,519,242,2,521,242,3,523,242,4,517,241,5,517,241,6,518,241,7,540,248,8,534,247,9,520,263,10,516,262,11,568,316,12,544,304,13,561,412,15,489,395,17,469,395,19,468,382,21,476,384,23,584,457,24,568,433,25,462,459,27,488,539,29,509,539,31,446,539
1694142344.6655312,0,511,251,1,519,242,2,521,242,3,523,242,4,516,241,5,517,241,6,518,241,7,539,248,8,533,247,9,520,263,10,516,262,11,568,316,12,545,304,13,562,411,15,490,391,17,469,391,19,469,379,21,477,379,23,583,457,24,568,432,25,462,459,27,488,539,29,508,539,31,446,539
1694142344.715531,0,511,251,1,519,242,2,521,242,3,523,242,4,516,241,5,517,241,6,517,241,7,538,248,8,533,247,9,520,263,10,516,263,11,568,316,12,545,304,13,562,411,15,490,390,17,469,390,19,469,379,21,477,379,23,583,457,24,569,432,25,462,460,27,488,539,29,508,539,31,446,539
1694142344.765531,0,509,254,1,517,243,2,519,243,3,522,243,4,515,242,5,516,242,6,517,242,7,538,249,8,533,247,9,518,267,10,514,267,11,569,318,12,547,305,13,555,409,15,486,363,17,468,356,19,469,344,21,477,347,23,584,457,24,570,432,25,461,461,27,488,539,29,508,539,31,447,539
1694142344.815531,0,508,255,1,515,243,2,517,243,3,520,243,4,513,243,5,513,243,6,514,242,7,536,249,8,530,247,9,517,267,10,514,266,11,570,318,12,545,302,13,540,401,15,486,325,17,471,309,19,478,301,21,485,307,23,586,456,24,570,431,25,461,460,27,488,539,29,509,539,31,446,539
1694142344.865531,0,507,255,1,514,244,2,517,244,3,519,244,4,512,244,5,513,244,6,513,243,7,536,249,8,529,247,9,517,267,10,514,267,11,570,318,12,544,299,13,538,399,15,486,323,17,473,306,19,482,299,21,488,304,23,588,456,24,570,431,25,461,459,27,488,539,29,509,539,31,446,539
1694142344.9155312,0,507,255,1,514,244,2,516,244,3,518,244,4,511,244,5,512,244,6,512,243,7,535,249,8,528,247,9,516,267,10,513,267,11,571,318,12,542,298,13,537,398,15,486,322,17,474,306,19,483,298,21,490,304,23,588,456,24,569,431,25,461,459,27,488,539,29,509,539,31,446,539
1694142344.965531,0,505,258,1,512,247,2,514,246,3,516,246,4,509,246,5,510,245,6,511,244,7,533,249,8,526,248,9,514,270,10,512,268,11,571,316,12,540,296,13,524,389,15,495,313,17,489,292,19,499,288,21,506,295,23,588,456,24,567,430,25,460,459,27,486,539,29,508,539,31,445,539
1694142345.015531,0,505,258,1,512,247,2,514,247,3,516,247,4,510,246,5,510,245,6,511,244,7,533,250,8,526,248,9,514,270,10,512,269,11,571,315,12,539,296,13,516,386,15,503,310,17,499,289,19,509,287,21,513,293,23,588,456,24,567,430,25,460,459,27,486,539,29,508,539,31,446,539
1694142345.065531,0,506,260,1,512,248,2,514,248,3,516,247,4,510,247,5,510,246,6,511,245,7,533,250,8,526,248,9,515,271,10,512,270,11,570,314,12,539,296,13,515,385,15,505,309,17,501,288,19,510,287,21,515,293,23,588,456,24,567,430,25,460,459,27,485,539,29,507,539,31,445,539
1694142345.115531,0,506,261,1,512,249,2,514,248,3,517,248,4,510,247,5,511,246,6,511,245,7,533,251,8,526,248,9,515,272,10,512,271,11,570,314,12,539,296,13,514,385,15,505,310,17,501,288,19,510,287,21,515,293,23,588,456,24,567,430,25,459,458,27,485,539,29,507,539,31,445,539
1694142345.1655312,0,506,260,1,512,248,2,515,248,3,517,248,4,510,247,5,511,246,6,512,245,7,533,251,8,526,248,9,515,272,10,512,271,11,570,314,12,540,296,13,516,386,15,505,312,17,500,292,19,510,290,21,514,296,23,588,456,24,567,431,25,459,459,27,485,539,29,507,539,31,445,539
1694142345.215531,0,506,260,1,513,248,2,515,248,3,517,248,4,511,247,5,512,246,6,512,246,7,534,251,8,527,248,9,515,272,10,512,270,11,570,314,12,541,296,13,520,387,15,503,316,17,498,296,19,507,292,21,512,299,23,588,456,24,567,431,25,459,458,27,485,539,29,507,539,31,445,539
1694142345.265531,0,507,260,1,514,248,2,516,248,3,518,248,4,511,247,5,512,246,6,513,246,7,534,251,8,528,248,9,515,271,10,512,270,11,570,314,12,542,297,13,522,388,15,503,317,17,496,297,19,506,292,21,512,299,23,588,456,24,567,431,25,459,458,27,484,539,29,506,539,31,444,539
1694142345.315531,0,507,260,1,514,248,2,516,248,3,518,248,4,512,247,5,512,247,6,513,246,7,535,251,8,528,249,9,515,271,10,513,270,11,570,314,12,542,297,13,523,389,15,502,317,17,496,297,19,506,292,21,511,299,23,588,456,24,567,431,25,459,458,27,484,539,29,506,539,31,443,539
1694142345.365531,0,507,261,1,514,248,2,516,248,3,518,248,4,512,247,5,512,247,6,513,246,7,535,251,8,528,249,9,515,272,10,512,271,11,570,315,12,541,296,13,529,392,15,500,320,17,489,301,19,499,293,21,506,300,23,587,455,24,567,430,25,459,458,27,484,539,29,505,539,31,441,539
1694142345.4155312,0,507,261,1,514,248,2,516,248,3,518,248,4,512,248,5,513,247,6,514,246,7,536,251,8,530,249,9,515,272,10,512,271,11,571,316,12,542,298,13,539,396,15,500,324,17,489,307,19,497,295,21,503,302,23,587,457,24,567,430,25,460,459,27,484,539,29,504,539,31,441,539
1694142345.465531,0,507,261,1,514,248,2,516,248,3,519,248,4,512,248,5,513,247,6,514,246,7,536,251,8,531,249,9,515,272,10,512,271,11,572,316,12,542,299,13,541,397,15,500,325,17,489,309,19,495,297,21,501,303,23,587,457,24,567,431,25,460,459,27,483,539,29,503,539,31,440,539
1694142345.515531,0,507,261,1,514,248,2,516,248,3,519,248,4,512,247,5,513,247,6,514,246,7,536,251,8,531,249,9,515,272,10,512,271,11,572,316,12,543,299,13,542,398,15,500,327,17,488,311,19,495,298,21,500,304,23,586,457,24,567,431,25,460,460,27,483,539,29,502,539,31,440,539
1694142345.565531,0,508,261,1,514,248,2,516,248,3,519,248,4,513,247,5,514,247,6,515,246,7,536,251,8,532,249,9,516,272,10,514,271,11,572,317,12,544,302,13,545,399,15,499,330,17,486,316,19,491,305,21,497,309,23,585,458,24,568,433,25,460,460,27,484,539,29,502,539,31,442,539
1694142345.615531,0,508,260,1,514,248,2,516,248,3,519,248,4,513,247,5,514,247,6,515,246,7,536,251,8,532,249,9,516,272,10,514,271,11,571,317,12,546,303,13,546,399,15,496,336,17,480,323,19,484,314,21,492,317,23,585,458,24,569,433,25,461,463,27,486,539,29,503,539,31,445,539
1694142345.6655312,0,509,260,1,514,248,2,517,248,3,519,248,4,513,247,5,514,247,6,515,246,7,536,251,8,532,249,9,516,272,10,515,271,11,571,317,12,548,303,13,547,399,15,495,338,17,478,325,19,483,317,21,491,320,23,584,458,24,570,434,25,463,464,27,486,539,29,504,539,31,446,539
1694142345.715531,0,509,260,1,514,248,2,517,248,3,519,248,4,513,247,5,514,247,6,515,246,7,536,251,8,532,249,9,516,271,10,515,271,11,571,317,12,549,303,13,546,399,15,495,339,17,478,326,19,483,318,21,491,321,23,584,458,24,571,434,25,463,464,27,486,539,29,504,539,31,446,539
1694142345.765531,0,509,260,1,514,248,2,517,248,3,519,247,4,513,247,5,514,247,6,516,246,7,536,251,8,532,249,9,516,271,10,515,271,11,571,316,12,549,304,13,547,399,15,492,339,17,474,326,19,478,318,21,486,321,23,585,458,24,571,435,25,463,464,27,486,539,29,504,539,31,445,539
1694142345.815531,0,509,260,1,515,248,2,517,248,3,520,247,4,514,247,5,515,247,6,516,246,7,536,251,8,533,249,9,517,271,10,515,271,11,572,316,12,545,304,13,542,391,15,482,334,17,463,325,19,467,317,21,475,319,23,586,457,24,569,435,25,464,464,27,486,539,29,504,539,31,445,539
1694142345.865531,0,510,260,1,516,248,2,518,248,3,520,247,4,514,247,5,515,246,6,517,246,7,536,251,8,533,249,9,518,271,10,516,271,11,572,315,12,544,304,13,540,389,15,480,332,17,461,325,19,464,316,21,472,317,23,586,456,24,568,435,25,464,464,27,486,539,29,504,539,31,445,539
1694142345.9155312,0,510,260,1,516,248,2,518,247,3,521,247,4,515,247,5,516,246,6,517,246,7,537,251,8,533,249,9,518,271,10,516,271,11,573,315,12,544,305,13,539,388,15,479,332,17,460,324,19,463,315,21,472,317,23,586,456,24,568,434,25,464,464,27,486,539,29,504,539,31,444,539
1694142345.965531,0,513,259,1,519,247,2,521,247,3,523,247,4,517,247,5,518,246,6,519,245,7,539,250,8,535,249,9,521,271,10,518,270,11,573,313,12,544,304,13,527,376,15,468,319,17,446,315,19,449,306,21,457,307,23,587,456,24,566,434,25,463,464,27,486,539,29,503,539,31,444,539
1694142346.015531,0,515,257,1,520,245,2,522,245,3,524,244,4,519,244,5,520,244,6,521,243,7,539,249,8,536,248,9,523,268,10,520,268,11,573,308,12,551,305,13,514,359,15,452,307,17,434,304,19,436,297,21,443,299,23,586,456,24,566,435,25,463,464,27,486,539,29,504,539,31,448,539
1694142346.065531,0,516,256,1,521,244,2,523,244,3,525,244,4,520,243,5,521,243,6,522,242,7,540,248,8,537,247,9,524,267,10,521,267,11,572,306,12,553,305,13,513,357,15,450,305,17,433,301,19,435,295,21,442,296,23,586,456,24,566,435,25,463,463,27,486,539,29,504,539,31,449,539
1694142346.115531,0,516,256,1,522,243,2,524,243,3,526,243,4,520,243,5,521,242,6,522,242,7,540,248,8,538,247,9,524,267,10,521,267,11,572,305,12,554,305,13,512,356,15,451,305,17,433,300,19,435,294,21,442,296,23,586,456,24,567,435,25,463,463,27,487,539,29,504,539,31,450,539
1694142346.1655312,0,516,253,1,523,242,2,525,242,3,527,242,4,521,241,5,522,241,6,523,241,7,541,247,8,538,246,9,524,265,10,521,265,11,572,305,12,556,306,13,505,349,15,445,300,17,428,296,19,429,290,21,435,292,23,586,456,24,567,435,25,462,464,27,486,539,29,504,539,31,450,539
1694142346.215531,0,516,252,1,523,241,2,525,241,3,527,241,4,522,240,5,522,240,6,523,240,7,541,246,8,539,245,9,524,264,10,521,264,11,572,304,12,555,307,13,501,343,15,440,297,17,424,293,19,424,287,21,431,289,23,586,456,24,566,436,25,462,464,27,486,539,29,504,539,31,450,539
1694142346.265531,0,516,251,1,524,240,2,526,240,3,528,240,4,522,239,5,523,239,6,524,239,7,541,245,8,539,245,9,524,263,10,521,263,11,572,304,12,555,309,13,501,342,15,439,297,17,423,293,19,423,286,21,430,289,23,585,457,24,566,436,25,462,464,27,486,539,29,503,539
1694142346.315531,0,516,251,1,524,239,2,526,239,3,528,239,4,522,239,5,523,239,6,524,239,7,541,245,8,539,245,9,524,262,10,521,263,11,572,304,12,556,309,13,500,342,15,439,296,17,423,293,19,423,286,21,429,288,23,585,457,24,566,436,25,462,464,27,486,539,29,504,539
1694142346.365531,0,516,251,1,524,240,2,526,240,3,528,239,4,522,239,5,523,239,6,524,239,7,541,245,8,539,245,9,524,263,10,521,263,11,572,303,12,556,310,13,499,339,15,438,296,17,421,292,19,422,286,21,428,287,23,584,457,24,566,437,25,462,463,29,504,539
1694142346.4155312,0,516,251,1,524,240,2,526,240,3,528,240,4,522,239,5,523,239,6,524,239,7,541,245,8,539,245,9,524,263,10,521,263,11,571,303,12,556,311,13,498,336,15,437,296,17,420,292,19,420,286,21,426,287,23,584,457,24,566,438,25,462,463,29,504,539
1694142346.465531,0,517,252,1,524,240,2,526,240,3,528,240,4,522,240,5,523,239,6,524,239,7,541,245,8,539,245,9,524,263,10,521,263,11,571,303,12,556,311,13,498,336,15,436,295,17,420,292,19,420,286,21,426,287,23,583,458,24,566,439,25,462,463,29,504,539
1694142346.515531,0,517,252,1,524,240,2,526,240,3,528,240,4,522,240,5,523,239,6,524,239,7,542,245,8,539,245,9,524,263,10,521,263,11,571,303,12,555,311,13,498,335,15,436,295,17,420,292,19,420,286,21,426,287,23,583,458,24,566,439,25,462,462
1694142346.565531,0,517,251,1,524,239,2,526,239,3,528,239,4,523,239,5,524,239,6,525,239,7,542,245,8,539,245,9,525,262,10,522,263,11,571,303,12,556,312,13,497,332,15,432,293,17,415,291,19,415,285,21,421,286,23,583,458,24,566,439,25,462,462
1694142346.615531,0,518,251,1,525,239,2,527,239,3,529,239,4,524,239,5,524,239,6,525,239,7,543,245,8,540,245,9,526,263,10,523,263,11,571,303,12,556,312,13,495,331,15,430,292,17,413,288,19,413,282,21,419,284,23,583,458,24,566,439,25,461,462
1694142346.6655312,0,518,251,1,525,240,2,527,239,3,529,239,4,524,239,5,525,239,6,525,239,7,543,245,8,540,245,9,526,263,10,523,263,11,571,303,12,557,312,13,494,331,15,430,291,17,413,287,19,413,281,21,419,284,23,582,458,24,566,439,25,461,462
1694142346.715531,0,519,252,1,526,240,2,528,240,3,529,239,4,524,240,5,525,239,6,526,239,7,543,245,8,540,245,9,527,263,10,524,263,11,571,303,12,557,312,13,494,331,15,430,291,17,412,287,19,413,282,21,419,284,23,582,458,24,566,439,25,461,462
1694142346.765531,0,519,252,1,526,240,2,528,240,3,530,239,4,524,239,5,525,239,6,526,239,7,543,245,8,541,245,9,527,263,10,524,263,11,570,303,12,558,312,13,494,331,15,431,292,17,413,288,19,414,282,21,420,284,23,581,458,24,567,439,25,461,462
1694142346.815531,0,519,252,1,526,240,2,528,240,3,530,239,4,525,239,5,525,239,6,526,239,7,543,245,8,541,245,9,527,263,10,524,263,11,569,303,12,558,312,13,495,331,15,431,292,17,414,288,19,415,282,21,420,284,23,581,458,24,567,439,25,461,461
1694142346.865531,0,519,252,1,526,240,2,528,240,3,530,240,4,525,239,5,526,239,6,527,239,7,543,245,8,541,245,9,527,263,10,524,263,11,569,303,12,558,311,13,495,332,15,432,293,17,415,288,19,415,283,21,421,284,23,581,458,24,567,439,25,461,461
1694142346.9155312,0,519,252,1,526,240,2,528,240,3,530,240,4,525,240,5,526,239,6,527,239,7,543,245,8,541,245,9,527,263,10,524,263,11,569,303,12,558,311,13,495,332,15,432,293,17,415,289,19,415,283,21,421,284,23,581,458,24,568,439,25,461,461
1694142346.965531,0,519,252,1,526,240,2,528,240,3,530,240,4,525,239,5,526,239,6,527,239,7,543,245,8,541,245,9,527,263,10,524,263,11,569,303,12,559,311,13,495,332,15,432,293,17,415,289,19,416,283,21,421,284,23,581,458,24,568,439,25,461,461
1694142347.015531,0,519,252,1,527,240,2,528,239,3,530,239,4,525,239,5,526,239,6,527,239,7,543,245,8,541,245,9,527,263,10,524,263,11,569,303,12,559,311,13,495,332,15,432,293,17,415,289,19,416,283,21,422,285,23,581,457,24,568,439,25,462,461
1694142347.065531,0,519,252,1,527,239,2,528,239,3,530,239,4,525,239,5,526,239,6,527,239,7,543,245,8,541,245,9,527,263,10,524,263,11,569,303,12,559,311,13,495,332,15,433,293,17,416,289,19,416,283,21,422,285,23,581,457,24,568,439,25,462,461
1694142347.115531,0,519,252,1,527,239,2,528,239,3,530,239,4,525,239,5,526,239,6,527,239,7,543,245,8,541,245,9,527,263,10,524,263,11,570,303,12,559,311,13,495,332,15,433,293,17,416,289,19,416,283,21,423,285,23,581,457,24,567,439,25,462,460
1694142347.1655312,0,519,251,1,527,239,2,529,239,3,530,239,4,525,239,5,526,239,6,527,238,7,544,245,8,542,245,9,527,263,10,524,263,11,570,303,12,559,311,13,495,333,15,434,293,17,417,289,19,418,283,21,424,285,23,581,457,24,567,439,25,462,460
1694142347.215531,0,519,251,1,527,239,2,529,239,3,531,239,4,526,239,5,527,238,6,528,238,7,544,245,8,542,245,9,527,263,10,524,263,11,570,304,12,559,311,13,496,334,15,435,293,17,419,289,19,419,283,21,425,284,23,581,457,24,567,438,25,461,461
1694142347.265531,0,520,251,1,527,239,2,529,239,3,531,239,4,526,239,5,527,238,6,528,238,7,545,245,8,542,245,9,527,263,10,524,263,11,570,304,12,559,311,13,496,335,15,436,293,17,419,289,19,420,283,21,426,284,23,581,457,24,567,438,25,461,461
1694142347.315531,0,520,251,1,528,239,2,529,239,3,531,239,4,526,239,5,527,238,6,528,238,7,545,245,8,542,245,9,527,263,10,524,263,11,571,304,12,559,311,13,496,336,15,437,293,17,420,289,19,421,283,21,427,284,23,581,457,24,567,438,25,461,461
1694142347.365531,0,520,250,1,528,238,2,530,238,3,532,238,4,526,238,5,527,238,6,528,237,7,545,244,8,543,244,9,527,262,10,524,262,11,571,304,12,559,311,13,496,336,15,437,293,17,420,289,19,421,283,21,427,284,23,581,458,24,567,438,25,461,461
1694142347.4155312,0,520,250,1,528,238,2,530,238,3,532,238,4,526,238,5,527,237,6,528,237,7,545,244,8,543,244,9,527,262,10,524,262,11,571,304,12,559,311,13,496,337,15,437,293,17,420,289,19,421,283,21,427,284,23,582,458,24,567,438,25,461,461
1694142347.465531,0,520,250,1,528,238,2,530,238,3,532,238,4,527,237,5,527,237,6,528,237,7,545,244,8,543,244,9,527,262,10,524,262,11,571,304,12,559,310,13,496,337,15,437,293,17,420,288,19,421,283,21,427,284,23,582,458,24,567,438,25,461,461
1694142347.515531,0,520,249,1,528,238,2,530,238,3,532,238,4,527,237,5,527,237,6,528,237,7,545,244,8,543,244,9,527,262,10,524,262,11,572,304,12,558,310,13,497,337,15,437,293,17,420,287,19,421,283,21,427,284,23,582,458,24,567,438,25,461,461
1694142347.565531,0,520,249,1,528,238,2,530,238,3,532,238,4,527,237,5,527,237,6,529,237,7,546,244,8,543,244,9,528,262,10,524,262,11,572,304,12,558,310,13,497,337,15,437,293,17,420,287,19,421,282,21,427,284,23,582,458,24,567,438,25,461,461
1694142347.615531,0,520,250,1,528,238,2,530,238,3,532,238,4,527,237,5,528,237,6,529,237,7,546,244,8,543,244,9,528,262,10,525,262,11,572,304,12,558,310,13,496,337,15,436,293,17,420,287,19,421,282,21,427,284,23,582,458,24,567,439,25,461,461
1694142347.6655312,0,521,250,1,528,238,2,530,238,3,532,238,4,527,237,5,528,237,6,529,237,7,546,244,8,543,244,9,528,262,10,525,262,11,572,304,12,558,310,13,496,336,15,436,293,17,420,287,19,421,282,21,426,284,23,582,458,24,567,439,25,460,461
1694142347.715531,0,521,250,1,528,238,2,530,238,3,532,238,4,527,237,5,528,237,6,529,237,7,546,244,8,543,244,9,528,262,10,525,262,11,572,304,12,558,310,13,496,336,15,436,293,17,420,287,19,420,282,21,426,284,23,582,458,24,567,439,25,460,461
1694142347.765531,0,521,250,1,528,238,2,530,238,3,532,238,4,527,237,5,528,237,6,529,237,7,546,244,8,543,244,9,528,262,10,525,262,11,571,304,12,559,310,13,496,335,15,435,293,17,418,287,19,419,282,21,425,283,23,582,458,24,567,439,25,460,461
1694142347.815531,0,521,251,1,528,239,2,530,239,3,532,239,4,527,238,5,528,238,6,529,238,7,546,245,8,543,244,9,528,263,10,525,263,11,571,304,12,559,310,13,495,333,15,431,291,17,414,285,19,416,279,21,422,282,23,582,458,24,567,439,25,460,461
1694142347.865531,0,521,252,1,529,239,2,530,239,3,532,239,4,527,239,5,528,239,6,529,238,7,546,245,8,543,244,9,528,263,10,526,263,11,571,304,12,559,310,13,495,333,15,430,290,17,413,284,19,414,278,21,420,281,23,582,457,24,567,439,25,460,461
1694142347.9155312,0,521,252,1,529,240,2,530,239,3,532,239,4,527,239,5,528,239,6,529,239,7,546,245,8,543,245,9,528,264,10,526,264,11,571,304,12,559,310,13,495,332,15,429,290,17,412,284,19,414,277,21,420,281,23,582,457,24,567,439,25,460,461
1694142347.965531,0,521,253,1,529,240,2,530,240,3,532,240,4,527,240,5,528,240,6,529,239,7,545,245,8,543,245,9,528,264,10,526,264,11,571,304,12,559,311,13,494,329,15,428,288,17,411,283,19,413,276,21,419,280,23,582,457,24,567,439,25,460,461
1694142348.015531,0,520,253,1,528,240,2,530,240,3,532,240,4,527,240,5,528,240,6,529,240,7,545,245,8,543,245,9,528,264,10,526,264,11,571,304,12,559,312,13,494,328,15,427,287,17,410,283,19,412,276,21,418,279,23,582,457,24,567,440,25,460,461
1694142348.065531,0,520,253,1,528,240,2,530,240,3,532,240,4,527,240,5,528,240,6,529,240,7,545,245,8,543,245,9,528,264,10,525,264,11,571,304,12,559,312,13,493,327,15,427,287,17,409,282,19,411,276,21,418,279,23,582,457,24,567,440,25,460,461
1694142348.115531,0,520,253,1,528,240,2,530,240,3,532,240,4,527,240,5,528,240,6,529,240,7,545,245,8,543,245,9,528,264,10,525,264,11,571,304,12,558,312,13,493,326,15,426,286,17,408,282,19,409,276,21,416,279,23,582,457,24,567,440,25,460,461
1694142348.1655312,0,520,253,1,528,240,2,530,240,3,532,240,4,527,240,5,528,240,6,529,240,7,545,245,8,543,245,9,528,264,10,525,264,11,571,304,12,558,312,13,493,325,15,425,286,17,407,282,19,409,276,21,415,278,23,582,456,24,567,440,25,460,461
1694142348.215531,0,520,254,1,528,241,2,530,241,3,532,241,4,527,241,5,527,241,6,529,241,7,545,245,8,543,245,9,528,264,10,525,265,11,571,304,12,558,312,13,493,324,15,424,286,17,406,282,19,407,276,21,414,278,23,582,456,24,567,440,25,460,461
1694142348.265531,0,520,255,1,528,242,2,530,241,3,532,241,4,527,242,5,527,242,6,528,242,7,545,246,8,543,245,9,528,265,10,525,265,11,571,304,12,557,313,13,493,324,15,424,286,17,405,282,19,407,276,21,413,279,23,582,456,24,566,441,25,460,461
1694142348.315531,0,520,255,1,528,242,2,530,242,3,532,241,4,526,243,5,527,242,6,528,242,7,545,246,8,542,246,9,528,265,10,525,266,11,571,304,12,557,313,13,493,324,15,424,286,17,405,282,19,407,276,21,413,279,23,583,456,24,566,441,25,460,461
1694142348.365531,0,520,255,1,528,242,2,530,242,3,532,241,4,526,243,5,527,242,6,527,242,7,545,246,8,541,246,9,528,265,10,525,266,11,571,304,12,557,313,13,493,323,15,423,286,17,404,282,19,406,276,21,412,279,23,583,455,24,566,441,25,460,461
1694142348.4155312,0,520,255,1,528,242,2,530,242,3,532,241,4,526,243,5,526,242,6,527,242,7,545,246,8,541,246,9,528,265,10,525,266,11,571,304,12,556,314,13,493,323,15,423,286,17,404,282,19,405,276,21,412,279,23,583,455,24,566,441,25,460,461
1694142348.465531,0,520,255,1,528,242,2,530,242,3,532,241,4,525,243,5,526,242,6,527,242,7,545,246,8,541,246,9,528,265,10,525,266,11,571,304,12,556,314,13,492,323,15,423,286,17,404,282,19,405,276,21,412,279,23,583,455,24,566,441,25,460,461
1694142348.515531,0,520,255,1,527,242,2,529,242,3,532,241,4,525,242,5,526,242,6,527,242,7,544,246,8,540,246,9,528,265,10,524,265,11,570,303,12,556,314,13,491,319,15,421,283,17,403,279,19,405,274,21,411,276,23,583,455,24,566,442,25,460,461
1694142348.565531,0,520,254,1,527,242,2,529,242,3,531,241,4,525,242,5,526,242,6,527,242,7,544,245,8,540,245,9,528,264,10,524,265,11,569,303,12,556,313,13,491,317,15,420,281,17,402,278,19,404,273,21,410,274,23,583,454,24,566,441,25,460,461
1694142348.615531,0,520,253,1,527,241,2,529,241,3,531,241,4,525,241,5,526,241,6,526,241,7,544,245,8,540,245,9,527,263,10,524,264,11,565,302,12,556,311,13,490,311,15,419,274,17,402,269,19,405,264,21,410,266,23,583,453,24,567,440,25,460,461
1694142348.6655312,0,520,252,1,527,241,2,529,241,3,531,240,4,525,241,5,525,241,6,526,241,7,544,245,8,540,244,9,527,263,10,524,263,11,565,301,12,556,311,13,489,309,15,418,272,17,403,266,19,405,262,21,411,264,23,582,452,24,567,440,25,460,461
1694142348.715531,0,519,251,1,526,240,2,528,240,3,531,240,4,524,240,5,525,240,6,525,240,7,544,245,8,540,244,9,526,262,10,522,262,11,565,301,12,554,311,13,489,303,15,419,262,17,403,253,19,405,248,21,411,252,23,582,452,24,567,440,25,460,461
1694142348.765531,0,518,250,1,526,240,2,528,239,3,530,239,4,523,240,5,524,240,6,525,239,7,544,244,8,539,244,9,525,261,10,521,261,11,565,300,12,551,310,13,486,295,15,419,249,17,403,239,19,405,235,21,410,238,23,583,452,24,567,440,25,459,461
1694142348.815531,0,518,250,1,526,240,2,528,239,3,530,239,4,523,240,5,524,239,6,525,239,7,543,244,8,539,244,9,525,261,10,521,261,11,565,300,12,551,309,13,487,295,15,417,246,17,403,236,19,405,233,21,411,237,23,583,452,24,568,440,25,459,461
1694142348.865531,0,518,250,1,525,240,2,528,239,3,530,239,4,523,240,5,524,240,6,525,239,7,543,244,8,539,244,9,525,261,10,521,261,11,565,299,12,551,309,13,487,296,15,419,248,17,403,238,19,407,235,21,411,238,23,582,452,24,568,440,25,459,461
1694142348.9155312,0,517,250,1,525,240,2,527,239,3,529,239,4,522,240,5,523,240,6,524,239,7,543,244,8,538,244,9,524,261,10,520,261,11,564,299,12,551,308,13,487,291,15,419,238,17,406,229,19,409,225,21,414,229,23,582,452,24,568,440,25,459,461
1694142348.965531,0,517,250,1,524,239,2,526,239,3,529,239,4,522,240,5,523,239,6,523,239,7,543,244,8,538,244,9,523,260,10,520,261,11,557,296,12,552,306,13,482,283,15,418,228,17,406,218,19,409,215,21,414,218,23,582,451,24,569,439,25,459,461
1694142349.015531,0,516,250,1,523,240,2,525,239,3,528,239,4,521,240,5,522,240,6,523,239,7,542,244,8,538,244,9,522,260,10,520,261,11,555,295,12,552,306,13,481,280,15,419,227,17,407,219,19,410,216,21,415,218,23,581,451,24,569,438,25,458,461
1694142349.065531,0,515,250,1,522,240,2,524,239,3,526,239,4,520,240,5,521,240,6,522,239,7,541,244,8,536,244,9,521,260,10,519,261,11,555,295,12,553,305,13,481,281,15,419,227,17,407,218,19,411,215,21,415,218,23,580,451,24,569,438,25,458,462
1694142349.115531,0,514,250,1,521,240,2,523,239,3,525,239,4,519,240,5,520,240,6,521,239,7,540,244,8,536,243,9,521,260,10,518,260,11,553,293,12,553,303,13,481,277,15,419,222,17,407,214,19,411,211,21,415,213,23,580,451,24,570,437,25,458,462
1694142349.1655312,0,513,250,1,519,239,2,521,239,3,523,239,4,518,240,5,519,240,6,520,239,7,539,244,8,535,244,9,519,260,10,517,259,11,550,292,12,554,302,13,479,271,15,419,216,17,408,208,19,413,205,21,416,207,23,580,449,24,572,436,25,458,462
1694142349.215531,0,512,248,1,519,239,2,521,238,3,523,238,4,518,239,5,519,239,6,520,238,7,538,243,8,535,243,9,518,259,10,517,258,11,549,290,12,554,302,13,478,268,15,419,213,17,408,205,19,412,203,21,416,204,23,580,448,24,573,436,25,458,462
1694142349.265531,0,512,248,1,519,238,2,521,238,3,523,238,4,518,239,5,519,238,6,520,238,7,538,243,8,535,243,9,518,258,10,516,258,11,550,290,12,554,302,13,478,267,15,419,212,17,408,203,19,413,201,21,416,203,23,581,448,24,574,436,25,458,462
1694142349.315531,0,511,248,1,519,238,2,520,238,3,523,238,4,517,238,5,518,238,6,520,238,7,538,243,8,535,243,9,517,258,10,515,258,11,549,289,12,554,301,13,478,263,15,419,205,17,408,197,19,413,194,21,416,197,23,581,447,24,575,436,25,458,462
1694142349.365531,0,510,248,1,518,238,2,520,238,3,522,238,4,516,238,5,517,238,6,519,238,7,537,243,8,533,243,9,516,258,10,514,258,11,547,288,12,554,300,13,477,257,15,419,197,17,409,188,19,413,186,21,416,189,23,581,447,24,577,436,25,458,462
1694142349.4155312,0,509,247,1,517,238,2,519,238,3,521,237,4,516,238,5,517,238,6,518,238,7,537,243,8,533,243,9,515,257,10,513,257,11,548,288,12,553,300,13,478,256,15,419,196,17,409,188,19,413,186,21,416,188,23,581,447,24,577,436,25,458,462
1694142349.465531,0,509,247,1,517,238,2,519,237,3,521,237,4,515,238,5,516,238,6,517,238,7,537,243,8,532,243,9,515,257,10,513,257,11,548,288,12,553,300,13,478,255,15,419,196,17,409,188,19,413,186,21,416,188,23,582,447,24,578,436,25,458,462
1694142349.515531,0,508,247,1,516,238,2,518,238,3,520,237,4,514,238,5,515,238,6,516,238,7,536,243,8,531,243,9,514,257,10,513,257,11,547,288,12,553,300,13,477,253,15,420,192,17,410,186,19,413,184,21,417,186,23,582,447,24,578,436,25,458,462
1694142349.565531,0,508,247,1,516,238,2,518,238,3,520,237,4,514,238,5,515,238,6,516,238,7,536,243,8,531,243,9,514,257,10,512,257,11,547,288,12,553,300,13,477,251,15,421,190,17,411,184,19,414,182,21,417,184,23,582,448,24,578,436,25,458,462
1694142349.615531,0,507,247,1,515,238,2,517,238,3,520,238,4,514,238,5,514,238,6,515,238,7,535,243,8,530,243,9,514,258,10,512,257,11,547,288,12,553,299,13,477,252,15,421,190,17,411,182,19,415,181,21,418,183,23,582,448,24,579,436,25,458,462
1694142349.6655312,0,507,248,1,515,238,2,517,238,3,519,238,4,513,239,5,514,239,6,515,238,7,535,243,8,530,243,9,514,258,10,511,258,11,547,288,12,553,299,13,477,252,15,421,190,17,411,181,19,416,180,21,418,182,23,582,448,24,579,436,25,458,462
1694142349.715531,0,507,248,1,515,239,2,517,238,3,519,238,4,513,239,5,514,239,6,515,239,7,535,243,8,530,243,9,514,259,10,512,258,11,547,288,12,554,299,13,477,251,15,421,189,17,412,180,19,417,179,21,419,181,23,582,448,24,580,436,25,458,462
1694142349.765531,0,507,249,1,514,239,2,516,239,3,519,238,4,513,239,5,514,239,6,515,239,7,534,243,8,529,243,9,513,259,10,511,258,11,546,288,12,553,299,13,477,251,15,421,189,17,412,181,19,416,180,21,419,182,23,582,448,24,580,435,25,458,462
1694142349.815531,0,507,249,1,514,239,2,516,239,3,519,238,4,513,239,5,514,239,6,515,239,7,534,243,8,529,243,9,513,259,10,511,258,11,546,287,12,552,299,13,477,251,15,422,190,17,412,181,19,416,180,21,419,182,23,583,448,24,580,435,25,458,462
1694142349.865531,0,506,249,1,514,239,2,516,239,3,519,238,4,512,239,5,513,239,6,514,239,7,534,243,8,529,244,9,513,259,10,511,259,11,547,287,12,550,299,13,477,251,15,422,190,17,411,181,19,416,180,21,419,182,23,584,447,24,580,435,25,458,462
1694142349.9155312,0,506,249,1,514,239,2,516,239,3,519,238,4,512,239,5,513,239,6,514,239,7,534,243,8,529,244,9,513,259,10,511,259,11,547,287,12,549,299,13,477,251,15,422,191,17,411,181,19,416,180,21,419,183,23,585,447,24,579,435,25,458,462
1694142349.965531,0,506,249,1,514,239,2,516,239,3,519,238,4,512,239,5,513,239,6,514,239,7,535,243,8,529,244,9,513,259,10,511,259,11,547,287,12,549,299,13,477,251,15,422,191,17,411,181,19,416,180,21,419,183,23,585,447,24,579,435,25,458,462
1694142350.015531,0,506,249,1,514,239,2,516,239,3,519,238,4,512,239,5,513,239,6,514,239,7,535,243,8,529,244,9,513,259,10,511,259,11,547,287,12,548,299,13,477,252,15,422,191,17,411,182,19,416,180,21,419,183,23,585,447,24,579,435,25,458,462
1694142350.065531,0,506,249,1,514,239,2,516,239,3,519,238,4,512,239,5,513,239,6,514,239,7,535,243,8,529,244,9,513,259,10,511,259,11,547,287,12,548,299,13,477,252,15,422,191,17,411,182,19,416,180,21,419,183,23,585,447,24,579,435,25,458,462
1694142350.115531,0,506,249,1,514,239,2,516,238,3,519,238,4,512,239,5,512,239,6,513,239,7,535,243,8,529,244,9,513,259,10,510,259,11,547,287,12,548,299,13,477,252,15,422,192,17,411,182,19,416,180,21,419,184,23,585,447,24,579,436,25,458,462
1694142350.1655312,0,505,249,1,514,239,2,516,238,3,519,238,4,512,239,5,512,239,6,513,239,7,535,243,8,529,244,9,513,259,10,510,259,11,547,287,12,549,299,13,477,252,15,423,192,17,412,182,19,417,180,21,420,184,23,585,447,24,579,436,25,458,462
1694142350.215531,0,505,249,1,514,239,2,516,238,3,518,238,4,512,239,5,512,239,6,513,239,7,535,243,8,529,244,9,513,259,10,510,259,11,547,287,12,549,299,13,478,252,15,423,192,17,413,182,19,417,180,21,421,184,23,585,447,24,579,436,25,458,462
1694142350.265531,0,505,249,1,514,239,2,516,238,3,518,238,4,512,239,5,512,239,6,513,239,7,535,243,8,529,243,9,512,259,10,510,258,11,547,287,12,549,299,13,478,252,15,424,192,17,413,182,19,418,180,21,421,184,23,585,448,24,579,436,25,458,462
1694142350.315531,0,505,249,1,514,239,2,516,238,3,518,238,4,512,239,5,512,239,6,513,239,7,535,243,8,529,244,9,512,259,10,510,259,11,547,287,12,549,300,13,478,252,15,424,192,17,413,182,19,418,180,21,421,184,23,585,448,24,578,436,25,458,462
1694142350.365531,0,505,250,1,514,239,2,516,239,3,518,238,4,511,240,5,512,240,6,513,239,7,535,243,8,529,244,9,513,260,10,510,260,11,547,287,12,550,300,13,478,253,15,424,192,17,413,183,19,418,181,21,421,185,23,585,448,24,579,436,25,458,462
1694142350.4155312,0,505,251,1,513,240,2,516,239,3,518,239,4,511,241,5,512,240,6,513,240,7,535,243,8,529,244,9,513,261,10,510,261,11,548,287,12,551,300,13,478,253,15,424,193,17,413,184,19,418,181,21,421,185,23,585,448,24,579,436,25,458,462
1694142350.465531,0,505,252,1,513,240,2,516,239,3,518,239,4,511,241,5,512,241,6,513,240,7,535,243,8,529,244,9,513,262,10,511,262,11,548,287,12,551,300,13,478,253,15,424,193,17,414,184,19,418,182,21,421,185,23,585,448,24,579,436,25,458,462
1694142350.515531,0,505,252,1,513,240,2,516,240,3,518,239,4,511,241,5,512,241,6,513,241,7,535,243,8,529,244,9,513,262,10,511,263,11,548,287,12,551,300,13,478,254,15,424,193,17,414,185,19,418,182,21,421,186,23,585,448,24,579,436,25,457,462
1694142350.565531,0,505,252,1,513,241,2,516,240,3,518,239,4,511,242,5,512,241,6,513,241,7,535,243,8,529,244,9,513,263,10,511,263,11,548,287,12,551,300,13,478,254,15,424,193,17,414,185,19,418,182,21,421,186,23,585,448,24,580,436,25,457,462
1694142350.615531,0,505,252,1,513,241,2,516,240,3,518,239,4,511,242,5,512,241,6,513,241,7,535,243,8,529,245,9,513,263,10,511,263,11,548,287,12,551,300,13,478,254,15,424,193,17,414,185,19,418,182,21,421,186,23,585,448,24,580,436,25,457,462
1694142350.6655312,0,506,253,1,513,241,2,516,240,3,518,239,4,511,242,5,512,242,6,513,241,7,535,243,8,529,245,9,513,263,10,511,263,11,548,287,12,551,300,13,478,254,15,424,193,17,414,185,19,418,182,21,421,186,23,585,448,24,580,436,25,457,462
1694142350.715531,0,506,253,1,513,241,2,516,240,3,518,239,4,511,242,5,512,242,6,513,241,7,535,243,8,529,245,9,514,263,10,511,264,11,548,287,12,551,300,13,478,254,15,424,193,17,414,185,19,418,182,21,421,186,23,585,448,24,580,437,25,457,462
1694142350.765531,0,506,253,1,513,241,2,516,240,3,518,239,4,511,242,5,512,242,6,513,241,7,535,243,8,529,245,9,514,263,10,511,263,11,548,288,12,551,301,13,478,254,15,424,193,17,414,185,19,418,182,21,421,186,23,585,448,24,581,437,25,457,462
1694142350.815531,0,506,253,1,513,241,2,516,240,3,518,239,4,511,242,5,512,242,6,513,241,7,535,243,8,529,245,9,514,263,10,511,263,11,548,288,12,551,301,13,478,254,15,424,193,17,414,185,19,418,182,21,421,186,23,585,448,24,581,437,25,457,461
1694142350.865531,0,506,253,1,513,241,2,516,240,3,518,239,4,511,242,5,512,242,6,513,241,7,535,243,8,529,245,9,514,263,10,511,263,11,548,288,12,551,301,13,478,254,15,424,193,17,414,185,19,418,182,21,421,186,23,585,448,24,581,437,25,457,460
1694142350.9155312,0,506,253,1,513,241,2,516,240,3,518,239,4,511,242,5,512,242,6,513,241,7,535,243,8,529,245,9,514,263,10,511,263,11,548,288,12,551,301,13,478,254,15,424,193,17,414,185,19,418,182,21,421,186,23,585,448,24,581,437,25,457,460
1694142350.965531,0,505,253,1,513,241,2,515,240,3,518,239,4,511,242,5,512,242,6,513,241,7,535,243,8,529,245,9,513,263,10,511,264,11,548,288,12,551,301,13,478,255,15,424,194,17,414,185,19,418,182,21,421,186,23,585,448,24,581,437,25,457,459
1694142351.015531,0,505,253,1,513,241,2,515,240,3,518,240,4,511,242,5,512,242,6,513,241,7,534,244,8,529,245,9,513,263,10,511,264,11,548,288,12,551,301,13,478,255,15,424,194,17,414,185,19,418,182,21,421,186,23,585,448,24,580,437,25,457,459
1694142351.065531,0,505,253,1,513,241,2,515,240,3,517,240,4,511,242,5,512,242,6,513,242,7,534,244,8,529,245,9,513,264,10,511,264,11,547,288,12,551,301,13,476,257,15,422,196,17,413,187,19,417,185,21,420,189,23,585,448,24,580,437,25,457,459
1694142351.115531,0,505,253,1,512,241,2,515,240,3,517,240,4,511,242,5,511,242,6,512,242,7,534,244,8,529,245,9,513,264,10,511,264,11,547,288,12,551,301,13,475,257,15,422,197,17,412,188,19,417,186,21,420,190,23,585,448,24,580,437,25,457,459
1694142351.1655312,0,505,253,1,512,241,2,515,240,3,517,240,4,511,242,5,511,241,6,513,241,7,534,244,8,529,245,9,513,264,10,511,264,11,547,289,12,552,302,13,473,265,15,419,210,17,409,202,19,414,199,21,418,203,23,585,449,24,580,437,25,457,459
1694142351.215531,0,505,253,1,513,241,2,515,240,3,517,240,4,511,242,5,512,241,6,513,241,7,535,244,8,529,245,9,513,264,10,511,264,11,547,289,12,552,302,13,473,269,15,416,214,17,406,205,19,411,202,21,415,206,23,585,449,24,580,437,25,457,459
1694142351.265531,0,507,253,1,514,241,2,516,240,3,519,240,4,511,241,5,512,241,6,513,241,7,537,245,8,531,245,9,515,264,10,512,264,11,548,292,12,552,303,13,473,283,15,412,238,17,400,229,19,405,226,21,409,230,23,585,450,24,580,438,25,457,460
1694142351.315531,0,508,254,1,514,241,2,517,241,3,520,240,4,512,242,5,513,241,6,514,241,7,538,245,8,532,245,9,516,265,10,513,265,11,549,292,12,552,303,13,473,287,15,411,243,17,399,233,19,404,230,21,408,235,23,584,450,24,580,438,25,458,460
1694142351.365531,0,508,254,1,515,241,2,517,241,3,520,240,4,512,242,5,513,241,6,514,241,7,539,245,8,532,245,9,518,265,10,514,265,11,554,292,12,552,306,13,477,304,15,408,278,17,392,275,19,393,272,21,400,273,23,584,450,24,576,439,25,458,460
1694142351.4155312,0,509,254,1,516,241,2,518,241,3,521,240,4,513,241,5,514,241,6,515,241,7,540,245,8,533,245,9,518,265,10,514,265,11,556,293,12,552,308,13,478,307,15,408,282,17,391,280,19,390,274,21,398,277,23,584,451,24,575,440,25,458,461
1694142351.465531,0,509,253,1,516,241,2,518,241,3,521,240,4,514,241,5,515,241,6,516,241,7,539,245,8,533,245,9,518,264,10,515,265,11,557,295,12,552,308,13,483,339,15,407,319,17,391,316,19,391,312,21,398,313,23,583,451,24,573,440,25,458,461
1694142351.515531,0,510,253,1,516,241,2,519,240,3,521,240,4,515,241,5,515,241,6,516,241,7,539,244,8,533,245,9,518,263,10,515,264,11,558,296,12,552,308,13,486,341,15,408,321,17,392,320,19,392,316,21,398,317,23,583,452,24,572,440,25,458,461
1694142351.565531,0,510,253,1,516,241,2,518,240,3,521,240,4,515,241,5,515,241,6,516,240,7,537,244,8,533,244,9,518,263,10,515,264,11,559,299,12,552,308,13,494,349,15,408,345,17,391,346,19,391,343,21,398,344,23,582,452,24,570,440,25,458,462
1694142351.615531,0,510,252,1,516,240,2,518,240,3,521,239,4,515,240,5,515,240,6,516,239,7,537,244,8,533,243,9,518,262,10,515,263,11,559,300,12,552,308,13,497,350,15,408,346,17,391,347,19,391,344,21,398,345,23,581,452,24,570,439,25,458,462
1694142351.6655312,0,509,252,1,515,240,2,517,240,3,519,239,4,514,240,5,515,240,6,516,239,7,535,244,8,531,243,9,517,262,10,514,263,11,560,303,12,553,308,13,500,354,15,409,349,17,392,351,19,391,348,21,398,349,23,580,453,24,570,439,25,458,462
1694142351.715531,0,508,252,1,515,240,2,517,240,3,519,239,4,513,240,5,514,240,6,515,239,7,534,244,8,531,243,9,516,262,10,514,262,11,560,304,12,553,308,13,501,354,15,410,349,17,392,352,19,392,349,21,399,350,23,580,453,24,569,439,25,458,462
1694142351.765531,0,508,252,1,515,240,2,517,240,3,519,239,4,513,240,5,514,240,6,515,239,7,534,244,8,531,243,9,516,262,10,514,262,11,560,303,12,553,308,13,500,352,15,410,347,17,393,349,19,392,346,21,399,347,23,580,453,24,569,439,25,458,462
1694142351.815531,0,509,252,1,515,240,2,517,240,3,519,239,4,513,240,5,514,240,6,515,239,7,534,244,8,531,243,9,516,262,10,514,262,11,560,303,12,553,308,13,499,351,15,411,346,17,393,349,19,392,346,21,399,346,23,580,453,24,569,439,25,459,462
1694142351.865531,0,508,251,1,515,240,2,517,239,3,519,239,4,513,239,5,514,239,6,515,239,7,533,244,8,530,243,9,516,262,10,513,262,11,560,302,12,553,307,13,499,351,15,410,346,17,392,348,19,391,345,21,398,346,23,580,453,24,569,439,25,459,462
1694142351.9155312,0,508,251,1,515,240,2,517,239,3,519,239,4,513,239,5,514,239,6,515,239,7,533,244,8,530,243,9,516,262,10,513,262,11,559,302,12,553,307,13,498,351,15,410,346,17,392,348,19,391,345,21,398,346,23,580,454,24,569,439,25,459,462
1694142351.965531,0,508,251,1,515,240,2,517,239,3,519,239,4,513,239,5,514,239,6,515,239,7,533,244,8,530,243,9,516,262,10,513,262,11,559,302,12,553,308,13,497,350,15,409,342,17,391,344,19,391,341,21,398,341,23,580,454,24,569,440,25,459,462
1694142352.015531,0,508,252,1,515,240,2,517,240,3,519,239,4,513,240,5,514,239,6,515,239,7,533,244,8,530,243,9,516,262,10,513,262,11,558,302,12,553,308,13,496,350,15,408,341,17,391,343,19,390,340,21,397,340,23,580,455,24,569,442,25,459,462
1694142352.065531,0,508,252,1,515,240,2,517,240,3,519,240,4,513,240,5,514,240,6,515,239,7,533,244,8,530,244,9,516,262,10,513,263,11,557,302,12,553,308,13,494,349,15,408,339,17,391,341,19,390,339,21,397,340,23,580,456,24,569,443,25,459,462
1694142352.115531,0,509,253,1,515,241,2,517,241,3,519,240,4,514,241,5,515,240,6,516,240,7,533,245,8,530,244,9,516,263,10,514,263,11,557,302,12,553,308,13,494,349,15,408,338,17,390,341,19,390,339,21,397,340,23,579,456,24,569,443,25,458,462
1694142352.1655312,0,510,253,1,516,241,2,518,241,3,520,240,4,515,241,5,516,241,6,517,240,7,533,245,8,531,245,9,517,263,10,514,263,11,557,302,12,553,308,13,490,348,15,407,330,17,390,330,19,390,326,21,396,327,23,579,456,24,569,443,25,458,462
1694142352.215531,0,510,253,1,517,241,2,519,241,3,520,240,4,515,241,5,516,241,6,517,240,7,534,245,8,531,245,9,517,263,10,514,263,11,557,302,12,554,308,13,488,348,15,406,327,17,389,326,19,389,322,21,396,323,23,579,457,24,569,443,25,458,462
1694142352.265531,0,510,253,1,517,241,2,519,241,3,520,240,4,515,241,5,516,241,6,517,240,7,534,245,8,532,245,9,517,263,10,515,263,11,555,302,12,554,309,13,485,338,15,406,314,17,390,312,19,390,307,21,396,309,23,579,457,24,569,443,25,458,462
1694142352.315531,0,510,253,1,517,241,2,519,241,3,520,241,4,516,241,5,516,241,6,517,241,7,534,245,8,532,245,9,518,263,10,515,264,11,554,302,12,555,310,13,484,335,15,406,311,17,391,309,19,391,305,21,397,306,23,579,457,24,570,443,25,458,462
1694142352.365531,0,510,254,1,517,242,2,519,241,3,520,241,4,515,242,5,516,242,6,517,241,7,534,246,8,532,245,9,518,264,10,515,265,11,554,301,12,555,310,13,481,322,15,407,295,17,391,292,19,391,288,21,397,290,23,579,456,24,570,443,25,458,462
1694142352.4155312,0,510,255,1,517,242,2,519,241,3,520,241,4,515,242,5,516,242,6,517,242,7,534,246,8,532,245,9,518,264,10,516,265,11,554,301,12,555,311,13,480,319,15,407,292,17,391,290,19,391,286,21,397,287,23,579,456,24,570,443,25,458,462
1694142352.465531,0,510,255,1,517,242,2,518,242,3,520,241,4,515,242,5,516,242,6,517,242,7,534,246,8,532,246,9,518,264,10,515,265,11,554,300,12,554,311,13,477,306,15,407,269,17,391,265,19,391,262,21,397,263,23,578,456,24,570,443,25,458,462
1694142352.515531,0,510,255,1,516,242,2,518,242,3,520,241,4,515,242,5,516,242,6,517,242,7,534,246,8,532,246,9,518,264,10,515,265,11,553,300,12,554,311,13,475,304,15,406,267,17,390,262,19,391,259,21,397,261,23,578,456,24,571,443,25,458,463
1694142352.565531,0,509,254,1,516,242,2,518,242,3,520,241,4,515,242,5,515,242,6,517,242,7,534,246,8,532,246,9,517,264,10,514,265,11,553,298,12,554,309,13,475,294,15,407,249,17,392,241,19,396,237,21,400,239,23,578,456,24,571,443,25,458,463
1694142352.615531,0,509,254,1,516,242,2,518,241,3,520,241,4,515,242,5,515,242,6,517,242,7,534,246,8,532,246,9,516,264,10,513,264,11,553,298,12,554,308,13,475,293,15,407,247,17,393,240,19,397,236,21,401,238,23,579,455,24,571,442,25,458,462
1694142352.6655312,0,509,253,1,516,242,2,518,241,3,520,241,4,515,242,5,515,242,6,517,242,7,535,246,8,532,246,9,516,263,10,513,264,11,554,296,12,554,306,13,476,284,15,413,233,17,400,226,19,405,223,21,408,225,23,579,453,24,571,441,25,458,462
1694142352.715531,0,509,253,1,516,242,2,518,241,3,520,241,4,515,242,5,515,242,6,517,241,7,535,246,8,532,246,9,516,263,10,513,263,11,553,295,12,554,305,13,476,283,15,414,231,17,403,223,19,408,221,21,411,224,23,580,452,24,571,439,25,458,462
1694142352.765531,0,510,253,1,516,241,2,518,241,3,520,241,4,515,242,5,516,242,6,517,241,7,535,245,8,532,245,9,516,262,10,513,262,11,552,293,12,554,303,13,476,274,15,416,218,17,407,212,19,411,208,21,414,211,23,580,451,24,571,438,25,458,463
1694142352.815531,0,510,252,1,516,241,2,518,241,3,520,241,4,515,241,5,516,241,6,517,241,7,535,245,8,532,245,9,516,262,10,514,262,11,552,293,12,553,302,13,479,275,15,418,219,17,409,210,19,413,208,21,416,210,23,581,451,24,571,437,25,458,463
1694142352.865531,0,509,252,1,516,241,2,518,241,3,520,241,4,514,241,5,515,241,6,516,241,7,535,245,8,532,245,9,515,261,10,513,261,11,552,291,12,552,302,13,479,266,15,422,207,17,412,199,19,416,195,21,418,198,23,582,449,24,571,436,25,458,463
1694142352.9155312,0,509,251,1,516,241,2,518,241,3,520,240,4,514,241,5,515,241,6,516,241,7,535,244,8,532,245,9,515,261,10,513,260,11,552,290,12,552,302,13,479,262,15,424,209,17,413,199,19,416,196,21,419,199,23,582,447,24,571,436,25,458,463
1694142352.965531,0,509,251,1,516,241,2,518,240,3,520,240,4,514,241,5,515,241,6,516,241,7,535,244,8,531,245,9,515,261,10,513,260,11,550,289,12,552,302,13,478,255,15,423,195,17,412,188,19,416,185,21,419,188,23,582,447,24,572,436,25,458,463
1694142353.015531,0,508,250,1,515,240,2,517,240,3,519,239,4,514,241,5,515,240,6,516,240,7,535,243,8,531,245,9,514,259,10,513,259,11,550,288,12,551,302,13,478,255,15,424,196,17,413,189,19,416,186,21,419,189,23,583,447,24,573,436,25,458,463
1694142353.065531,0,508,250,1,515,240,2,517,240,3,519,239,4,513,240,5,514,240,6,516,240,7,535,243,8,530,244,9,514,259,10,512,259,11,550,288,12,551,301,13,478,254,15,426,193,17,414,185,19,417,183,21,421,186,23,583,447,24,574,436,25,459,463
1694142353.115531,0,507,250,1,515,240,2,517,240,3,519,239,4,513,240,5,514,240,6,515,240,7,535,243,8,530,244,9,514,259,10,512,259,11,550,287,12,551,301,13,479,254,15,427,193,17,416,184,19,419,182,21,423,185,23,583,447,24,576,436,25,459,463
1694142353.1655312,0,507,250,1,515,240,2,517,240,3,519,239,4,513,240,5,514,240,6,515,240,7,535,243,8,530,244,9,514,259,10,512,259,11,550,287,12,551,301,13,479,253,15,428,191,17,416,181,19,420,180,21,423,182,23,583,447,24,577,436,25,459,463
1694142353.215531,0,507,250,1,515,240,2,517,240,3,519,239,4,513,240,5,514,240,6,515,240,7,535,243,8,530,244,9,514,259,10,512,259,11,550,287,12,551,301,13,479,253,15,429,191,17,417,181,19,421,179,21,424,182,23,583,447,24,577,436,25,458,463
1694142353.265531,0,507,250,1,515,240,2,517,240,3,519,239,4,513,240,5,514,240,6,515,240,7,535,243,8,530,244,9,514,259,10,512,259,11,550,287,12,551,301,13,480,253,15,429,190,17,418,180,19,422,178,21,425,181,23,583,447,24,577,436,25,458,463
1694142353.315531,0,507,250,1,515,240,2,517,240,3,519,239,4,513,240,5,514,240,6,515,240,7,535,243,8,530,244,9,514,259,10,512,259,11,550,287,12,552,301,13,481,253,15,429,190,17,418,179,19,422,176,21,425,180,23,583,447,24,577,436,25,458,463
1694142353.365531,0,507,250,1,515,240,2,517,240,3,519,239,4,513,241,5,514,241,6,515,240,7,535,243,8,530,245,9,514,260,10,512,260,11,550,287,12,551,301,13,481,254,15,429,190,17,418,179,19,422,177,21,425,180,23,584,447,24,577,436,25,458,463
1694142353.4155312,0,507,251,1,515,240,2,517,240,3,519,239,4,513,241,5,514,241,6,515,241,7,535,243,8,530,245,9,514,261,10,512,261,11,550,287,12,551,301,13,481,254,15,429,190,17,417,179,19,422,177,21,425,180,23,584,446,24,577,436,25,458,463
1694142353.465531,0,507,251,1,515,240,2,517,240,3,519,239,4,513,241,5,514,241,6,515,241,7,535,243,8,529,245,9,514,261,10,512,261,11,550,287,12,551,301,13,481,253,15,429,189,17,417,178,19,421,177,21,424,179,23,584,446,24,577,436,25,458,462
1694142353.515531,0,507,251,1,514,240,2,517,240,3,519,239,4,512,241,5,513,241,6,514,241,7,535,243,8,529,245,9,514,261,10,512,261,11,550,287,12,551,301,13,481,253,15,428,189,17,417,178,19,421,177,21,424,179,23,584,446,24,577,436,25,458,462
1694142353.565531,0,506,251,1,514,240,2,516,240,3,519,239,4,512,241,5,513,241,6,514,241,7,535,243,8,529,245,9,514,261,10,511,261,11,550,287,12,551,301,13,481,253,15,429,189,17,417,179,19,422,177,21,425,179,23,584,446,24,577,436,25,458,462
1694142353.615531,0,506,251,1,514,240,2,516,240,3,518,239,4,512,241,5,512,241,6,514,241,7,534,243,8,529,245,9,514,261,10,511,262,11,550,287,12,551,301,13,481,253,15,429,189,17,418,178,19,422,177,21,425,179,23,584,446,24,577,436,25,458,462
1694142353.6655312,0,505,251,1,513,240,2,515,240,3,518,239,4,511,241,5,512,241,6,513,241,7,534,243,8,529,245,9,513,261,10,511,262,11,550,288,12,552,301,13,481,253,15,429,189,17,418,178,19,423,177,21,425,179,23,584,446,24,577,436,25,458,462
1694142353.715531,0,505,251,1,513,240,2,515,240,3,518,239,4,511,241,5,512,241,6,513,241,7,534,243,8,529,245,9,513,261,10,511,262,11,550,288,12,552,301,13,481,253,15,430,190,17,419,179,19,423,177,21,426,180,23,584,446,24,577,436,25,458,462
1694142353.765531,0,505,252,1,513,240,2,515,240,3,518,239,4,511,241,5,512,241,6,513,241,7,534,243,8,529,245,9,513,262,10,511,262,11,550,288,12,552,301,13,481,253,15,431,190,17,419,179,19,423,177,21,426,180,23,584,446,24,577,436,25,458,462
1694142353.815531,0,505,252,1,513,240,2,515,240,3,518,239,4,511,241,5,512,241,6,513,241,7,534,243,8,529,245,9,513,262,10,511,262,11,550,288,12,552,301,13,481,253,15,431,190,17,420,179,19,423,177,21,427,180,23,584,446,24,577,436,25,458,462
1694142353.865531,0,505,252,1,513,241,2,515,240,3,518,239,4,511,241,5,512,241,6,513,241,7,534,243,8,529,245,9,513,262,10,511,263,11,550,288,12,552,301,13,481,256,15,431,194,17,420,183,19,423,181,21,427,184,23,584,446,24,577,436,25,458,462
1694142353.9155312,0,505,252,1,513,241,2,515,240,3,518,239,4,511,241,5,512,241,6,513,241,7,535,243,8,529,245,9,513,262,10,511,263,11,551,288,12,552,301,13,481,257,15,431,196,17,420,185,19,424,182,21,427,186,23,584,446,24,577,436,25,458,462
1694142353.965531,0,506,253,1,513,241,2,516,240,3,518,239,4,512,241,5,513,241,6,514,241,7,535,244,8,531,245,9,514,263,10,512,263,11,551,288,12,552,301,13,478,266,15,426,211,17,414,200,19,417,197,21,421,201,23,584,446,24,577,436,25,458,462
1694142354.015531,0,506,253,1,514,241,2,516,240,3,518,239,4,512,241,5,513,241,6,514,241,7,536,244,8,532,245,9,514,263,10,512,263,11,551,289,12,553,301,13,477,269,15,424,214,17,411,204,19,415,200,21,419,204,23,584,446,24,577,436,25,458,462
1694142354.065531,0,507,253,1,514,241,2,516,240,3,519,240,4,512,241,5,513,241,6,515,241,7,537,244,8,533,245,9,515,263,10,513,264,11,554,292,12,552,304,13,477,285,15,414,238,17,403,230,19,407,224,21,411,229,23,585,448,24,577,437,25,458,463
1694142354.115531,0,508,254,1,514,241,2,517,240,3,519,240,4,513,242,5,514,241,6,515,241,7,538,244,8,533,245,9,516,263,10,514,264,11,554,292,12,554,304,13,477,286,15,412,241,17,401,232,19,405,228,21,408,231,23,585,450,24,577,438,25,458,462
1694142354.1655312,0,509,254,1,516,242,2,518,241,3,521,241,4,514,242,5,515,242,6,516,242,7,539,246,8,535,246,9,518,264,10,515,265,11,555,295,12,554,305,13,477,304,15,409,275,17,393,274,19,393,269,21,400,270,23,582,451,24,577,438,25,458,462
1694142354.215531,0,511,256,1,517,243,2,519,243,3,521,242,4,515,244,5,516,244,6,517,243,7,539,247,8,535,247,9,520,266,10,517,267,11,557,297,12,555,307,13,480,331,15,404,306,17,386,305,19,386,300,21,393,302,23,581,451,24,576,440,25,458,461
1694142354.265531,0,511,255,1,517,243,2,519,243,3,521,242,4,516,244,5,517,243,6,518,243,7,539,247,8,535,246,9,519,265,10,517,266,11,557,299,12,555,307,13,481,334,15,403,309,17,386,307,19,386,303,21,393,304,23,581,451,24,576,440,25,458,461
1694142354.315531,0,510,255,1,516,243,2,518,243,3,520,242,4,515,244,5,516,243,6,517,243,7,537,246,8,534,246,9,519,265,10,517,266,11,557,300,12,556,309,13,483,344,15,403,336,17,387,337,19,387,334,21,393,335,23,580,451,24,576,440,25,458,461
1694142354.365531,0,510,255,1,516,243,2,518,243,3,520,242,4,515,244,5,516,243,6,517,243,7,536,246,8,533,246,9,519,264,10,517,265,11,557,301,12,556,309,13,485,345,15,404,337,17,388,339,19,388,335,21,394,336,23,580,452,24,575,440,25,458,461
1694142354.4155312,0,510,255,1,516,243,2,517,242,3,519,242,4,514,243,5,515,243,6,516,242,7,535,246,8,532,245,9,517,264,10,515,265,11,558,301,12,555,310,13,491,348,15,405,347,17,388,348,19,388,346,21,394,346,23,579,453,24,572,441,25,458,461
1694142354.465531,0,509,255,1,515,243,2,516,242,3,519,242,4,513,243,5,514,243,6,515,242,7,534,246,8,531,245,9,516,264,10,514,265,11,558,303,12,555,310,13,491,350,15,404,348,17,388,349,19,387,347,21,394,348,23,578,453,24,571,442,25,458,460
1694142354.515531,0,509,255,1,515,243,2,516,242,3,518,242,4,513,243,5,514,243,6,515,242,7,534,246,8,530,245,9,516,264,10,514,265,11,558,303,12,555,310,13,491,350,15,404,348,17,387,350,19,387,347,21,393,348,23,578,453,24,571,441,25,458,460
1694142354.565531,0,508,254,1,514,242,2,516,242,3,518,242,4,513,243,5,514,242,6,515,242,7,534,246,8,530,245,9,516,264,10,513,264,11,558,303,12,554,310,13,491,351,15,403,348,17,386,350,19,386,348,21,392,348,23,578,453,24,570,441,25,458,461
1694142354.615531,0,508,254,1,514,242,2,516,242,3,518,242,4,513,242,5,514,242,6,515,242,7,534,246,8,530,245,9,516,264,10,513,264,11,558,303,12,554,309,13,490,350,15,403,347,17,385,349,19,385,347,21,391,347,23,577,454,24,570,441,25,458,461
1694142354.6655312,0,508,254,1,514,242,2,516,242,3,518,241,4,513,242,5,514,242,6,515,241,7,533,246,8,530,245,9,515,264,10,513,264,11,557,303,12,554,309,13,490,350,15,403,347,17,385,349,19,385,346,21,391,347,23,577,455,24,568,441,25,458,461
1694142354.715531,0,508,254,1,514,242,2,516,242,3,518,241,4,513,242,5,514,242,6,515,241,7,533,246,8,530,245,9,515,264,10,513,264,11,557,303,12,554,309,13,490,350,15,403,347,17,385,349,19,385,346,21,391,347,23,577,455,24,568,441,25,458,461
1694142354.765531,0,508,254,1,514,242,2,516,242,3,518,241,4,513,242,5,514,242,6,515,241,7,533,246,8,530,245,9,516,264,10,513,264,11,557,303,12,554,309,13,491,350,15,403,346,17,385,348,19,384,346,21,391,346,23,577,456,24,567,441,25,458,461
1694142354.815531,0,508,254,1,514,242,2,516,242,3,518,241,4,513,242,5,514,242,6,515,241,7,533,246,8,530,245,9,516,264,10,513,264,11,558,303,12,553,309,13,491,349,15,403,344,17,385,347,19,385,344,21,391,345,23,578,456,24,567,442,25,458,461
1694142354.865531,0,509,254,1,514,242,2,516,242,3,518,241,4,513,242,5,514,242,6,515,241,7,533,246,8,530,245,9,516,264,10,513,265,11,559,303,12,553,310,13,492,349,15,403,344,17,385,346,19,385,344,21,391,344,23,578,457,24,567,443,25,458,461
1694142354.9155312,0,509,255,1,515,242,2,517,242,3,519,242,4,514,242,5,515,242,6,516,241,7,533,246,8,531,245,9,517,264,10,515,265,11,559,303,12,553,309,13,493,350,15,403,343,17,386,345,19,385,343,21,392,343,23,578,457,24,567,443,25,458,461
1694142354.965531,0,510,255,1,516,242,2,518,242,3,519,242,4,514,242,5,515,242,6,516,242,7,534,246,8,531,245,9,519,265,10,516,266,11,560,303,12,553,309,13,494,350,15,404,343,17,386,345,19,385,343,21,392,343,22,468,417,23,578,457,24,567,443,25,458,460
1694142355.015531,0,511,254,1,517,242,2,519,242,3,521,242,4,515,242,5,516,242,6,517,241,7,535,246,8,532,245,9,520,265,10,516,265,11,562,303,12,553,309,13,494,350,15,404,342,17,386,344,19,385,342,21,392,342,22,468,417,23,579,457,24,567,443,25,458,460
1694142355.065531,0,511,254,1,518,242,2,519,242,3,522,241,4,516,242,5,516,241,6,517,241,7,536,246,8,532,245,9,520,265,10,516,265,11,562,303,12,553,309,13,495,351,15,405,342,17,386,344,19,385,341,21,392,342,22,469,417,23,579,457,24,567,443,25,458,460
1694142355.115531,0,511,254,1,518,241,2,520,241,3,522,241,4,516,241,5,517,241,6,517,241,7,536,246,8,532,245,9,520,265,10,516,265,11,563,303,12,553,309,13,495,351,15,405,342,17,386,343,19,385,341,20,465,420,21,392,342,22,469,417,23,579,457,24,567,443,25,458,460
1694142355.1655312,0,511,254,1,518,242,2,520,241,3,522,241,4,516,241,5,517,241,6,518,241,7,536,246,8,532,245,9,520,265,10,516,265,11,563,303,12,553,309,13,495,351,15,409,342,17,390,343,19,390,341,20,466,420,21,396,341,22,471,417,23,579,457,24,567,442,25,458,460
1694142355.215531,0,511,257,1,518,245,2,520,245,3,522,244,4,515,245,5,516,245,6,517,245,7,536,247,8,531,247,9,520,267,10,516,267,11,564,303,12,554,309,13,503,353,15,417,341,17,397,343,19,396,341,20,469,423,21,403,341,22,474,420,23,579,457,24,567,441,25,458,460
1694142355.265531,0,511,258,1,517,245,2,519,245,3,521,244,4,515,245,5,516,245,6,517,245,7,536,248,8,531,247,9,520,267,10,516,268,11,565,304,12,554,309,13,504,354,15,417,341,17,398,343,19,397,341,21,404,341,22,475,420,23,579,456,24,567,440,25,458,460
1694142355.315531,0,511,259,1,517,246,2,519,246,3,521,245,4,515,246,5,516,246,6,516,246,7,536,248,8,531,248,9,520,268,10,516,269,11,566,305,12,554,308,13,511,365,15,427,348,17,407,351,19,408,347,21,416,347,23,579,456,24,567,439,25,458,460
1694142355.365531,0,511,259,1,516,247,2,518,246,3,520,246,4,514,247,5,515,247,6,516,246,7,536,249,8,531,248,9,520,269,10,517,270,11,566,306,12,555,307,13,514,368,15,429,351,17,410,355,19,409,350,21,417,350,23,579,456,24,567,438,25,458,460
1694142355.4155312,0,513,259,1,518,247,2,520,246,3,522,246,4,517,247,5,518,247,6,519,246,7,536,249,8,533,248,9,522,269,10,520,270,11,566,307,12,560,305,13,537,389,15,467,379,17,443,380,19,442,374,21,449,373,23,579,456,24,572,438,25,458,460
1694142355.465531,0,513,258,1,519,246,2,521,245,3,523,245,4,517,246,5,518,246,6,519,245,7,537,248,8,534,247,9,522,268,10,520,269,11,567,308,12,560,305,13,540,391,15,468,381,17,445,382,19,444,376,21,451,375,23,580,456,24,572,438,25,458,461
1694142355.515531,0,513,257,1,519,245,2,521,245,3,523,244,4,517,245,5,518,245,6,519,245,7,537,248,8,534,247,9,522,267,10,520,268,11,567,308,12,560,305,13,540,391,15,468,381,17,445,382,19,443,376,21,450,375,23,580,456,24,571,438,25,458,461
1694142355.565531,0,515,254,1,521,242,2,523,242,3,525,241,4,520,242,5,521,242,6,523,242,7,539,246,8,537,246,9,524,266,10,521,266,11,569,308,12,563,305,13,575,401,15,498,406,17,485,417,19,480,411,21,483,408,23,580,456,24,571,441,25,457,461,29,505,539
1694142355.615531,0,519,248,1,527,237,2,529,237,3,531,237,4,526,237,5,527,237,6,528,237,7,545,244,8,542,243,9,528,261,10,525,261,11,574,309,12,566,305,13,599,405,15,512,414,17,496,424,19,490,419,21,495,416,23,580,459,24,571,444,25,456,459,29,504,539
1694142355.6655312,0,521,247,1,529,237,2,531,237,3,532,237,4,528,237,5,529,237,6,531,237,7,547,243,8,546,243,9,529,260,10,527,260,11,575,309,12,568,305,13,598,404,15,513,415,17,498,425,19,492,420,21,497,417,23,579,460,24,570,446,25,455,459,29,506,539
1694142355.715531,0,527,246,1,535,235,2,537,235,3,539,235,4,533,235,5,534,235,6,535,235,7,555,243,8,550,241,9,536,259,10,533,259,11,586,310,12,567,305,13,616,404,15,530,420,17,511,430,19,504,424,21,509,420,23,581,463,24,567,446,25,456,459,29,504,539
1694142355.765531,0,529,245,1,537,234,2,539,234,3,542,235,4,535,234,5,536,234,6,537,234,7,557,242,8,552,240,9,537,258,10,534,258,11,588,310,12,566,305,13,618,403,15,531,419,17,511,429,19,504,422,21,509,419,23,581,464,24,565,446,25,456,459,29,504,539
1694142355.815531,0,536,244,1,543,233,2,545,233,3,548,233,4,541,233,5,541,233,6,542,233,7,565,241,8,557,239,9,544,257,10,540,256,11,593,309,12,568,301,13,623,401,15,542,419,17,521,429,19,513,422,21,519,418,23,583,464,24,565,442,25,457,459,29,504,539
1694142355.865531,0,538,244,1,546,233,2,548,233,3,550,233,4,543,233,5,544,233,6,544,233,7,566,241,8,560,239,9,546,257,10,542,256,11,595,309,12,569,301,13,624,402,15,541,419,17,521,429,19,513,422,21,518,419,23,583,465,24,565,442,25,457,459,27,485,539,29,503,539
1694142355.9155312,0,543,244,1,551,233,2,554,233,3,556,233,4,548,233,5,549,233,6,549,232,7,573,240,8,564,238,9,551,256,10,547,256,11,600,309,12,572,300,13,625,402,15,543,419,17,523,428,19,515,422,21,520,418,23,583,465,24,565,442,25,458,458,27,488,539,29,503,539
1694142355.965531,0,545,244,1,554,233,2,556,233,3,559,233,4,551,233,5,551,233,6,552,233,7,575,240,8,566,238,9,554,257,10,549,256,11,602,309,12,573,300,13,626,402,15,544,419,17,525,430,19,517,422,21,522,418,23,583,464,24,565,442,25,458,457,27,480,539,29,501,539
1694142356.015531,0,551,244,1,559,233,2,561,233,3,564,233,4,556,233,5,557,233,6,557,233,7,580,240,8,572,238,9,558,257,10,555,256,11,606,308,12,579,299,13,628,402,15,546,418,17,526,428,19,518,421,21,524,417,23,584,464,24,566,440,25,459,457,27,481,539,29,502,539,31,436,539
1694142356.065531,0,552,244,1,561,233,2,564,233,3,567,233,4,558,233,5,558,233,6,559,233,7,582,240,8,573,238,9,560,256,10,556,256,11,607,308,12,578,299,13,629,402,15,545,418,17,526,428,19,518,421,21,523,417,23,584,464,24,566,440,25,459,455,27,478,539,29,500,539,31,432,539
1694142356.115531,0,557,244,1,566,233,2,569,233,3,572,233,4,563,233,5,564,233,6,564,233,7,587,241,8,579,238,9,565,256,10,561,256,11,609,308,12,582,299,13,630,402,15,548,418,17,529,428,19,520,420,21,526,417,23,586,464,24,567,439,25,460,455,27,478,539,29,500,539,31,433,539
1694142356.1655312,0,559,244,1,568,233,2,570,233,3,573,233,4,564,233,5,565,233,6,565,233,7,588,241,8,580,238,9,566,256,10,562,256,11,610,308,12,583,298,13,631,402,15,548,417,17,528,427,19,520,420,21,526,416,23,585,463,24,567,439,25,461,455,27,478,539,29,500,539,31,433,539
1694142356.215531,0,561,244,1,571,233,2,573,233,3,576,233,4,568,233,5,569,233,6,570,233,7,591,241,8,584,239,9,569,256,10,565,256,11,614,308,12,585,298,13,632,403,15,549,417,17,530,427,19,522,420,21,527,416,23,586,463,24,567,439,25,462,455,27,478,539,29,501,539,31,435,539
1694142356.265531,0,561,244,1,571,233,2,574,233,3,576,233,4,568,233,5,569,233,6,570,233,7,592,241,8,585,239,9,568,256,10,564,256,11,614,308,12,586,298,13,633,403,15,549,416,17,529,426,19,521,420,21,526,416,23,586,463,24,567,439,25,462,454,27,479,539,29,502,539,31,438,539
1694142356.315531,0,564,244,1,573,233,2,576,233,3,578,233,4,570,233,5,571,233,6,572,233,7,594,241,8,587,239,9,571,256,10,567,256,11,618,308,12,588,298,13,635,404,15,551,416,17,531,426,19,523,420,21,528,416,23,589,462,24,570,438,25,465,454,27,485,539,29,507,539,31,447,539
1694142356.365531,0,564,244,1,573,233,2,576,233,3,579,233,4,571,233,5,572,233,6,572,233,7,595,241,8,588,239,9,571,256,10,567,256,11,619,308,12,588,298,13,635,404,15,553,416,17,532,427,19,525,420,21,530,416,23,590,462,24,571,438,25,466,454,27,485,539,29,507,539,31,448,539
1694142356.4155312,0,566,244,1,575,233,2,578,233,3,581,233,4,572,233,5,573,233,6,574,233,7,597,241,8,589,239,9,574,256,10,569,256,11,623,308,12,590,297,13,640,405,15,558,417,17,537,428,19,530,421,21,536,417,23,594,462,24,573,438,25,468,455,27,489,539,29,510,539,31,454,539
1694142356.465531,0,566,245,1,575,234,2,578,235,3,581,235,4,572,234,5,573,234,6,573,234,7,597,242,8,589,239,9,574,258,10,569,257,11,623,308,12,590,297,13,641,405,15,560,418,17,538,429,19,532,422,21,538,417,23,596,461,24,575,438,25,470,455,27,491,539,29,512,539,31,456,539
1694142356.515531,0,569,245,1,578,234,2,581,234,3,584,235,4,575,234,5,575,234,6,576,234,7,600,242,8,591,239,9,577,258,10,573,257,11,626,308,12,591,298,13,646,406,15,564,418,17,542,428,19,536,422,21,542,418,23,599,462,24,577,438,25,473,457,27,493,539,29,513,539,31,458,539
1694142356.565531,0,570,244,1,580,234,2,583,234,3,586,234,4,577,234,5,577,234,6,578,233,7,601,242,8,593,239,9,578,257,10,573,256,11,627,308,12,591,298,13,647,406,15,564,418,17,543,428,19,537,422,21,543,418,23,600,462,24,578,438,25,474,457,27,493,539,29,513,539,31,456,539
1694142356.615531,0,573,244,1,582,234,2,585,234,3,588,234,4,579,234,5,579,234,6,579,233,7,605,242,8,595,239,9,581,257,10,576,256,11,631,308,12,594,298,13,654,406,15,569,417,17,545,428,19,539,421,21,545,417,23,604,462,24,580,439,25,478,459,27,494,539,29,514,539,31,456,539
1694142356.6655312,0,574,245,1,584,234,2,586,234,3,590,234,4,580,234,5,580,234,6,580,234,7,606,242,8,595,239,9,582,258,10,577,257,11,632,308,12,593,299,13,655,406,15,571,417,17,547,428,19,541,421,21,547,417,23,606,462,24,582,440,25,479,459,27,496,539,29,516,539,31,458,539
1694142356.715531,0,577,245,1,586,234,2,588,234,3,591,234,4,583,234,5,583,234,6,584,234,7,608,242,8,599,240,9,585,258,10,580,257,11,635,308,12,596,299,13,662,406,15,579,418,17,553,428,19,547,421,21,554,417,23,609,462,24,585,440,25,483,459,27,498,539,29,518,539,31,459,539
1694142356.765531,0,578,245,1,588,234,2,591,234,3,593,234,4,584,234,5,585,234,6,585,234,7,610,242,8,600,240,9,586,258,10,581,257,11,638,308,12,596,299,13,663,407,15,579,418,17,553,428,19,547,421,21,554,417,23,611,462,24,585,440,25,483,459,27,498,539,29,517,539,31,458,539
1694142356.815531,0,580,244,1,591,234,2,593,234,3,596,234,4,587,234,5,587,234,6,587,233,7,613,242,8,603,240,9,589,258,10,583,257,11,642,309,12,597,299,13,669,407,15,585,418,17,560,429,19,555,421,21,560,417,23,612,462,24,585,440,25,486,460,27,500,539,29,519,539,31,460,539
1694142356.865531,0,583,244,1,593,234,2,595,234,3,598,234,4,590,234,5,590,234,6,591,233,7,614,242,8,605,240,9,590,258,10,586,257,11,644,309,12,598,299,13,670,407,15,585,419,17,561,429,19,555,421,21,560,417,23,611,462,24,585,440,25,486,461,27,501,539,29,520,539,31,462,539
1694142356.9155312,0,587,244,1,597,234,2,600,234,3,603,234,4,594,233,5,594,233,6,595,233,7,619,243,8,609,240,9,594,258,10,589,256,11,647,309,12,599,299,13,674,407,15,588,420,17,563,430,19,558,421,21,563,417,23,611,462,24,585,440,25,487,462,27,502,539,29,521,539,31,464,539
1694142356.965531,0,589,245,1,599,235,2,602,236,3,605,236,4,594,234,5,594,234,6,594,234,7,622,244,8,608,240,9,597,259,10,591,257,11,649,309,12,600,298,13,675,407,15,589,420,17,564,430,19,560,421,21,565,417,23,612,461,24,586,440,25,486,462,27,504,539,29,524,539,31,465,539
1694142357.015531,0,592,244,1,603,235,2,607,235,3,610,236,4,598,233,5,598,233,6,597,233,7,626,244,8,610,240,9,599,259,10,593,256,11,651,309,12,600,298,13,675,407,15,589,421,17,565,430,19,561,421,21,566,417,22,535,404,23,613,461,24,585,439,25,487,462,27,506,539,29,526,539,31,469,539
1694142357.065531,0,594,245,1,605,235,2,608,235,3,612,236,4,599,234,5,598,234,6,598,233,7,628,245,8,610,240,9,602,259,10,594,257,11,653,309,12,600,298,13,675,407,15,589,422,16,539,394,17,565,430,19,561,421,20,532,408,21,565,417,22,536,403,23,613,461,24,585,439,25,487,462,27,506,539,29,526,539,31,468,539
1694142357.115531,0,597,245,1,608,235,2,612,236,3,616,236,4,602,234,5,600,234,6,599,233,7,630,245,8,610,240,9,605,259,10,596,257,11,653,309,12,600,298,13,673,407,15,588,422,16,540,394,17,564,431,18,530,410,19,560,421,20,531,407,21,564,417,22,536,403,23,613,460,24,585,439,25,487,462,27,507,539,29,526,539,31,470,539
1694142357.1655312,0,598,245,1,609,236,2,613,236,3,617,237,4,602,234,5,601,234,6,600,233,7,631,246,8,611,240,9,606,260,10,597,257,11,653,309,12,601,297,13,672,407,15,587,422,16,540,394,17,564,431,18,530,410,19,559,421,20,531,407,21,564,417,22,536,403,23,613,460,24,585,439,25,487,463,27,507,539,29,526,539,31,470,539
1694142357.215531,0,599,245,1,610,236,2,614,236,3,619,237,4,603,234,5,601,234,6,599,233,7,632,246,8,610,240,9,607,260,10,597,257,11,652,309,12,601,298,13,669,407,15,586,422,16,539,396,17,563,432,18,530,411,19,558,421,20,531,407,21,563,418,22,536,404,23,613,459,24,585,439,25,488,463,27,510,539,29,529,539,31,476,539
1694142357.265531,0,599,245,1,610,236,2,614,236,3,618,237,4,603,234,5,601,234,6,599,233,7,632,246,8,609,240,9,607,260,10,597,257,11,652,308,12,601,298,13,667,407,15,585,422,16,539,396,17,563,432,18,530,412,19,558,421,20,530,407,21,563,418,22,535,404,23,613,459,24,585,439,25,489,463,27,511,539,29,530,539
1694142357.315531,0,599,246,1,610,236,2,614,236,3,619,237,4,602,235,5,600,235,6,599,235,7,632,246,8,608,240,9,607,260,10,597,257,11,652,308,12,600,299,13,661,407,15,579,422,16,539,400,17,559,432,18,530,414,19,555,421,20,530,408,21,560,418,22,535,404,23,614,458,24,585,439,25,490,464,27,516,539,29,536,539
1694142357.365531,0,599,246,1,610,236,2,614,237,3,619,237,4,602,235,5,600,235,6,598,235,7,632,246,8,607,240,9,607,260,10,597,258,11,652,308,12,599,300,13,658,407,15,576,422,16,539,401,17,557,432,18,530,415,19,553,421,20,530,409,21,559,418,22,535,405,23,614,458,24,585,439,25,490,464,27,518,539,29,538,539
1694142357.4155312,0,598,246,1,610,236,2,614,237,3,618,237,4,601,235,5,599,236,6,597,236,7,632,246,8,604,240,9,607,260,10,596,258,11,651,308,12,597,302,13,655,407,15,572,423,16,540,404,17,552,433,18,529,420,19,549,421,20,530,411,21,554,418,22,535,408,23,614,458,24,585,441,25,490,464,27,519,539,29,540,539
1694142357.465531,0,598,246,1,609,236,2,613,236,3,617,237,4,600,235,5,598,235,6,596,235,7,632,246,8,603,240,9,607,260,10,596,258,11,650,308,12,596,302,13,654,407,15,571,423,16,540,405,17,551,434,18,528,421,19,548,421,20,530,412,21,553,418,22,534,409,23,614,458,24,585,441,25,490,464,27,520,539,29,541,539
1694142357.515531,0,594,247,1,602,236,2,606,236,3,610,237,4,595,236,5,593,236,6,591,237,7,625,245,8,599,241,9,603,260,10,593,258,11,650,308,12,592,303,13,651,409,15,569,426,16,540,410,17,549,437,18,526,425,19,545,424,20,529,415,21,550,420,22,534,413,23,614,458,24,584,441,25,490,464,27,519,539,29,539,539
1694142357.565531,0,592,248,1,600,236,2,604,236,3,608,237,4,593,237,5,591,238,6,589,238,7,623,244,8,597,242,9,602,260,10,592,259,11,649,308,12,591,304,13,650,410,15,568,427,16,540,410,17,548,438,18,525,426,19,545,424,20,529,417,21,549,421,22,534,414,23,614,459,24,584,442,25,490,464,27,518,539,29,539,539
1694142357.615531,0,592,248,1,600,236,2,604,236,3,608,237,4,590,237,5,587,238,6,584,238,7,621,243,8,587,242,9,602,260,10,590,259,11,645,309,12,586,304,13,648,413,15,566,429,16,540,415,17,546,438,18,525,427,19,543,425,20,529,421,21,548,422,22,534,417,23,614,459,24,583,442,25,490,467,27,513,539,29,536,539,31,473,539
1694142357.6655312,0,591,249,1,598,237,2,602,237,3,606,237,4,588,239,5,585,239,6,582,240,7,617,243,8,585,244,9,600,260,10,588,261,11,644,310,12,583,305,13,648,413,15,565,429,16,537,417,17,545,439,18,521,430,19,542,426,20,526,423,21,547,422,22,532,420,23,614,460,24,582,442,25,490,467,27,512,539,29,536,539,31,471,539
1694142357.715531,0,579,252,1,586,239,2,590,239,3,594,239,4,579,240,5,577,241,6,576,241,7,608,244,8,584,244,9,589,264,10,579,263,11,641,311,12,582,305,13,646,416,15,563,430,16,533,416,17,543,440,18,519,429,19,540,426,20,522,422,21,545,423,22,528,420,23,614,460,24,581,440,25,490,470,27,513,539,29,537,539,31,471,539
1694142357.765531,0,568,255,1,576,242,2,579,242,3,583,241,4,568,243,5,567,244,6,566,244,7,597,246,8,577,245,9,579,267,10,570,266,11,634,314,12,576,305,13,644,418,15,562,431,16,532,417,17,542,441,18,517,430,19,539,426,20,521,423,21,543,423,22,525,421,23,613,461,24,578,437,25,490,474,27,514,539,29,540,539,31,476,539
1694142357.815531,0,566,258,1,573,245,2,577,244,3,581,243,4,566,246,5,564,246,6,563,246,7,595,247,8,574,247,9,578,269,10,568,269,11,633,314,12,576,305,13,642,419,15,560,432,16,532,417,17,540,441,18,518,430,19,537,427,20,521,423,21,541,424,22,526,421,23,613,461,24,578,435,25,490,475,27,514,539,29,541,539,31,477,539
1694142357.865531,0,566,258,1,573,245,2,577,245,3,581,244,4,565,246,5,564,247,6,562,247,7,595,248,8,572,248,9,577,270,10,567,269,11,632,315,12,577,305,13,642,419,15,560,432,16,533,416,17,539,442,18,518,430,19,536,427,20,521,423,21,541,424,22,526,420,23,613,461,24,578,435,25,489,474,27,514,539,29,540,539,31,473,539
1694142357.9155312,0,554,263,1,560,252,2,564,251,3,568,251,4,554,252,5,553,252,6,553,251,7,582,252,8,566,251,9,565,274,10,558,274,11,625,316,12,572,305,13,642,419,15,558,433,16,533,419,17,537,443,18,518,431,19,534,429,20,520,424,21,538,425,22,526,422,23,612,461,24,578,436,25,488,474,27,513,539,29,538,539,31,471,539
