1694142400.714758,0,510,279,1,511,270,2,513,269,3,516,268,4,508,270,5,509,270,6,509,270,7,529,266,8,523,266,9,522,287,10,517,288,11,567,313,12,547,299,13,553,383,15,519,434,17,515,449,19,511,443,21,513,437,23,566,422,24,551,411,25,558,477
1694142400.7647579,0,507,278,1,510,268,2,512,268,3,514,267,4,507,269,5,508,268,6,508,268,7,528,266,8,523,266,9,516,286,10,513,286,11,565,314,12,544,309,13,544,395,15,488,460,17,477,476,19,467,470,21,471,466,23,556,442,24,544,427,25,437,492
1694142400.8147578,0,506,277,1,509,268,2,511,267,3,513,267,4,507,268,5,507,267,6,508,267,7,527,265,8,523,265,9,515,286,10,513,286,11,564,314,12,543,311,13,539,400,15,484,462,17,474,483,19,462,476,21,465,469,23,555,448,24,543,434,25,434,492
1694142400.864758,0,507,277,1,509,268,2,511,267,3,513,267,4,507,268,5,507,268,6,508,267,7,527,265,8,523,265,9,516,286,10,513,286,11,564,314,12,543,311,13,539,398,15,487,461,17,474,481,19,464,474,21,468,468,23,555,451,24,541,436,25,433,491
1694142400.914758,0,507,278,1,509,268,2,511,267,3,514,267,4,507,268,5,507,268,6,508,267,7,528,265,8,522,265,9,516,286,10,513,286,11,564,314,12,542,311,13,537,401,15,485,463,17,473,481,19,464,475,21,467,469,23,553,453,24,539,438,25,430,496
1694142400.964758,0,506,277,1,509,267,2,511,266,3,513,266,4,507,267,5,507,267,6,507,267,7,528,265,8,522,265,9,516,285,10,513,285,11,562,314,12,542,311,13,537,401,15,485,463,17,473,481,19,465,475,21,468,470,23,551,455,24,537,441,25,432,496
1694142401.0147579,0,505,276,1,508,267,2,511,266,3,513,265,4,506,267,5,506,267,6,507,266,7,528,264,8,522,265,9,515,284,10,512,285,11,562,314,12,542,311,13,534,402,15,485,464,17,474,481,19,466,476,21,469,470,23,552,457,24,537,443,25,433,496
1694142401.0647578,0,506,276,1,508,266,2,511,266,3,513,265,4,506,267,5,506,267,6,507,266,7,528,264,8,521,265,9,515,284,10,512,285,11,561,314,12,542,311,13,535,402,15,486,463,17,474,480,19,466,475,21,470,470,23,549,458,24,538,444,25,424,496
1694142401.114758,0,505,273,1,508,263,2,510,263,3,513,262,4,506,264,5,506,263,6,507,263,7,528,263,8,521,263,9,515,282,10,512,283,11,561,314,12,541,312,13,535,403,15,485,463,17,472,480,19,465,475,21,469,470,23,550,458,24,536,446,25,425,496
1694142401.164758,0,505,270,1,509,261,2,511,260,3,513,260,4,507,261,5,507,261,6,508,261,7,528,262,8,523,262,9,515,280,10,512,281,11,561,316,12,541,312,13,534,402,15,484,463,17,472,480,19,464,475,21,467,470,23,551,459,24,536,444,25,424,496
1694142401.214758,0,505,269,1,509,259,2,511,259,3,513,258,4,507,260,5,508,260,6,509,259,7,528,261,8,524,261,9,515,280,10,512,280,11,561,316,12,541,312,13,533,402,15,485,463,17,472,481,19,464,476,21,468,470,23,552,460,24,535,444,25,429,498
1694142401.2647579,0,505,268,1,509,259,2,511,258,3,513,258,4,508,259,5,508,259,6,509,259,7,528,260,8,524,260,9,514,279,10,512,280,11,561,317,12,541,312,13,532,402,15,485,464,17,472,481,19,464,476,21,467,470,23,552,461,24,535,444,25,430,497
1694142401.3147578,0,505,268,1,510,258,2,511,258,3,513,258,4,509,258,5,510,258,6,511,258,7,528,260,8,526,260,9,514,278,10,512,279,11,560,317,12,541,312,13,531,402,15,480,461,17,467,480,19,459,474,21,461,469,23,552,460,24,535,444,25,433,501
1694142401.364758,0,505,268,1,510,258,2,511,258,3,513,258,4,509,258,5,510,258,6,511,258,7,528,260,8,526,260,9,514,278,10,512,278,11,557,317,12,541,312,13,526,402,15,471,461,17,460,481,19,453,476,21,455,470,23,545,461,24,537,446,25,425,500
1694142401.414758,0,505,268,1,510,258,2,511,258,3,513,258,4,509,258,5,510,258,6,511,258,7,528,260,8,526,260,9,513,278,10,511,278,11,556,317,12,541,312,13,525,402,15,470,461,17,459,481,19,451,476,21,454,470,23,543,461,24,538,446,25,426,501
1694142401.464758,0,505,268,1,510,258,2,511,258,3,513,258,4,509,258,5,510,258,6,511,258,7,528,260,8,526,259,9,513,277,10,511,278,11,555,317,12,541,312,13,524,402,15,470,461,17,458,481,19,450,476,21,453,470,23,543,460,24,538,446,25,429,504
1694142401.5147579,0,503,266,1,508,257,2,509,257,3,511,257,4,507,257,5,508,257,6,509,256,7,526,260,8,525,259,9,510,277,10,508,277,11,551,317,12,540,311,13,521,400,15,465,463,17,455,485,19,447,480,21,449,474,23,543,460,24,538,446,25,427,505
1694142401.5647578,0,497,266,1,502,256,2,504,256,3,506,256,4,501,256,5,502,256,6,503,255,7,520,259,8,519,258,9,504,276,10,501,276,11,548,317,12,534,311,13,518,400,15,461,464,17,451,486,19,443,481,21,446,474,23,543,461,24,536,446,25,424,504
1694142401.614758,0,495,265,1,500,256,2,502,255,3,504,255,4,499,255,5,500,255,6,502,255,7,518,259,8,517,258,9,502,276,10,500,276,11,545,316,12,532,311,13,516,400,15,460,465,17,451,486,19,443,482,21,446,475,23,541,462,24,536,447,25,422,504
1694142401.664758,0,495,265,1,500,256,2,502,256,3,503,255,4,499,256,5,500,255,6,502,255,7,518,259,8,517,258,9,502,276,10,500,276,11,545,316,12,533,311,13,517,400,15,462,465,17,452,486,19,444,482,21,447,475,23,540,463,24,536,447,25,420,502
1694142401.714758,0,490,265,1,495,256,2,497,256,3,499,255,4,494,256,5,495,255,6,496,255,7,513,259,8,512,258,9,497,276,10,495,276,11,542,317,12,526,312,13,514,400,15,461,465,17,452,486,19,444,481,21,447,474,23,540,464,24,533,447,25,421,499,29,485,539
1694142401.7647579,0,483,266,1,488,256,2,490,256,3,492,256,4,487,256,5,488,255,6,489,255,7,506,259,8,504,258,9,491,277,10,489,277,11,536,317,12,523,312,13,511,400,15,459,464,17,450,485,19,442,481,21,445,474,23,540,464,24,531,448,25,423,499,29,485,539
1694142401.8147578,0,481,266,1,486,256,2,488,256,3,490,256,4,485,256,5,486,255,6,487,255,7,505,260,8,503,259,9,489,277,10,486,277,11,536,317,12,520,312,13,511,402,15,460,464,17,451,485,19,442,481,21,445,474,23,541,465,24,529,448,25,423,500
1694142401.864758,0,480,267,1,486,257,2,488,257,3,490,257,4,485,257,5,486,256,6,487,256,7,505,260,8,502,259,9,488,278,10,486,277,11,536,318,12,519,312,13,511,402,15,461,464,17,451,484,19,442,479,21,445,473,23,541,465,24,528,448,25,423,500
1694142401.914758,0,475,267,1,481,257,2,483,257,3,485,257,4,480,257,5,480,256,6,482,256,7,500,260,8,497,259,9,483,278,10,480,277,11,533,318,12,512,312,13,509,402,15,460,464,17,451,484,19,442,479,21,445,473,23,541,464,24,522,448,25,424,501
1694142401.964758,0,473,269,1,478,259,2,480,258,3,482,258,4,476,259,5,477,258,6,478,258,7,496,261,8,493,260,9,481,279,10,478,279,11,528,317,12,508,311,13,508,402,15,460,464,17,450,485,19,441,479,21,444,473,23,536,464,24,519,448,25,425,505
1694142402.0147579,0,474,270,1,480,259,2,482,259,3,484,258,4,478,259,5,478,259,6,479,258,7,498,261,8,493,260,9,481,279,10,479,279,11,528,317,12,506,311,13,507,401,15,460,464,17,450,485,19,441,479,21,444,473,23,536,464,24,518,450,25,425,508
1694142402.0647578,0,472,270,1,478,259,2,480,259,3,482,258,4,476,259,5,477,259,6,478,258,7,497,261,8,492,260,9,480,279,10,477,279,11,528,317,12,505,312,13,506,402,15,460,465,17,450,487,19,440,480,21,443,474,23,537,466,24,520,452,25,427,508
1694142402.114758,0,468,269,1,474,258,2,476,258,3,479,258,4,473,258,5,474,258,6,475,257,7,493,261,8,491,260,9,476,279,10,474,279,11,524,317,12,505,312,13,505,403,15,459,466,17,449,489,19,440,482,21,442,476,23,537,466,24,521,452,25,427,509
1694142402.164758,0,466,270,1,472,259,2,474,258,3,477,258,4,471,259,5,472,258,6,474,258,7,491,261,8,489,260,9,474,280,10,472,280,11,523,317,12,505,312,13,505,403,15,459,466,17,449,489,19,440,482,21,442,476,23,536,466,24,520,452,25,432,517
1694142402.214758,0,467,273,1,472,261,2,474,260,3,477,260,4,471,261,5,472,261,6,473,260,7,491,262,8,488,261,9,475,282,10,473,282,11,523,316,12,506,312,13,505,403,15,459,466,17,449,489,19,440,482,21,442,476,23,536,466,24,521,452,25,432,515
1694142402.2647579,0,467,273,1,472,261,2,474,261,3,477,260,4,471,262,5,472,261,6,473,261,7,491,262,8,488,261,9,475,283,10,473,283,11,523,316,12,505,312,13,505,403,15,459,466,17,449,489,19,440,482,21,442,476,23,537,466,24,521,452,25,432,514
1694142402.3147578,0,466,273,1,472,261,2,474,261,3,476,260,4,470,262,5,471,261,6,472,261,7,490,262,8,487,261,9,474,283,10,472,283,11,524,316,12,504,312,13,505,403,15,459,466,17,449,489,19,440,482,21,442,476,23,537,466,24,521,452,25,432,513
1694142402.364758,0,466,273,1,472,262,2,474,261,3,476,261,4,471,262,5,471,262,6,472,261,7,491,262,8,487,262,9,474,283,10,472,284,11,524,316,12,505,312,13,505,404,15,459,466,17,450,489,19,440,482,21,443,475,23,540,466,24,521,452,25,432,512
1694142402.414758,0,466,274,1,472,262,2,474,261,3,476,261,4,471,262,5,471,262,6,472,262,7,491,263,8,487,262,9,474,283,10,472,284,11,525,316,12,505,312,13,505,405,15,459,466,17,450,489,19,440,482,21,443,475,23,541,466,24,521,452,25,432,512
1694142402.464758,0,466,274,1,472,262,2,474,262,3,477,261,4,471,263,5,471,262,6,473,262,7,491,263,8,487,262,9,475,284,10,472,284,11,525,316,12,505,312,13,505,405,15,460,466,17,450,488,19,440,482,21,443,475,23,541,466,24,521,452,25,431,512
1694142402.5147579,0,467,273,1,472,261,2,474,261,3,477,261,4,471,262,5,472,262,6,473,261,7,491,263,8,487,262,9,475,283,10,473,283,11,525,317,12,506,313,13,505,406,15,460,466,17,450,488,19,440,482,21,443,475,23,540,468,24,521,453,25,431,512
1694142402.5647578,0,467,271,1,474,261,2,476,260,3,478,260,4,472,261,5,473,261,6,475,260,7,492,263,8,489,262,9,475,281,10,473,282,11,527,318,12,506,313,13,505,406,15,460,466,17,450,488,19,441,482,21,443,475,23,540,468,24,520,452,25,431,512
1694142402.614758,0,467,270,1,475,260,2,477,260,3,479,260,4,473,260,5,474,260,6,476,260,7,493,263,8,489,262,9,476,281,10,473,281,11,528,319,12,507,313,13,505,406,15,460,466,17,450,488,19,441,481,21,443,475,23,539,468,24,520,452,25,430,512
1694142402.664758,0,467,270,1,475,260,2,477,260,3,479,259,4,474,260,5,475,260,6,476,260,7,493,263,8,490,262,9,476,281,10,474,281,11,528,319,12,507,313,13,506,406,15,460,466,17,450,487,19,441,481,21,443,475,23,539,468,24,519,451,25,430,512
1694142402.714758,0,470,270,1,478,259,2,479,259,3,481,259,4,477,260,5,478,259,6,479,259,7,495,262,8,492,262,9,479,280,10,476,281,11,529,319,12,510,312,13,506,406,15,460,466,17,450,487,19,441,481,21,443,475,23,539,468,24,520,451,25,430,512
1694142402.7647579,0,472,269,1,480,259,2,482,259,3,484,258,4,479,259,5,480,259,6,481,259,7,497,262,8,494,261,9,481,279,10,478,280,11,530,319,12,510,311,13,506,405,15,460,465,17,450,486,19,441,480,21,443,474,23,539,468,24,520,451,25,430,512
1694142402.8147578,0,473,269,1,481,259,2,483,258,3,485,258,4,480,259,5,481,259,6,482,258,7,497,262,8,495,261,9,481,279,10,479,279,11,531,318,12,511,311,13,506,405,15,460,465,17,450,486,19,441,480,21,443,474,23,539,468,24,520,451,25,430,512
1694142402.864758,0,473,269,1,481,259,2,483,258,3,485,258,4,480,259,5,481,259,6,482,258,7,498,262,8,495,261,9,482,279,10,480,279,11,531,318,12,512,311,13,506,405,15,461,465,17,451,486,19,442,480,21,444,473,23,540,468,24,520,451,25,429,509
1694142402.914758,0,474,269,1,482,259,2,484,258,3,486,258,4,481,259,5,482,259,6,483,258,7,499,262,8,496,261,9,483,279,10,480,279,11,531,318,12,512,311,13,506,404,15,461,464,17,451,485,19,442,479,21,444,472,23,540,468,24,520,451,25,429,509
1694142402.964758,0,474,269,1,482,259,2,484,258,3,486,258,4,481,259,5,482,258,6,483,258,7,499,262,8,496,261,9,483,279,10,480,279,11,531,318,12,513,311,13,507,404,15,461,464,17,451,484,19,442,478,21,444,472,23,540,468,24,520,450,25,429,508
1694142403.0147579,0,474,268,1,482,258,2,484,258,3,486,258,4,481,259,5,482,258,6,484,258,7,499,262,8,497,261,9,483,278,10,481,279,11,532,318,12,513,311,13,507,404,15,461,463,17,451,484,19,442,478,21,444,472,23,540,468,24,520,450,25,429,508
1694142403.0647578,0,475,268,1,482,258,2,484,258,3,486,258,4,481,258,5,482,258,6,484,258,7,500,262,8,497,260,9,483,278,10,481,279,11,532,318,12,513,311,13,507,404,15,461,463,17,451,484,19,442,478,21,444,472,23,539,468,24,520,450,25,429,508
1694142403.114758,0,474,268,1,482,258,2,484,258,3,486,258,4,481,258,5,482,258,6,483,258,7,500,262,8,497,260,9,483,278,10,481,279,11,532,318,12,513,311,13,507,404,15,461,463,17,451,484,19,442,478,21,444,472,23,541,467,24,520,450,25,429,508
1694142403.164758,0,474,268,1,482,258,2,484,258,3,486,258,4,481,258,5,482,258,6,483,258,7,500,262,8,497,260,9,483,278,10,480,279,11,532,318,12,513,312,13,507,404,15,461,463,17,451,484,19,442,478,21,444,472,23,541,467,24,520,451,25,429,507
1694142403.214758,0,474,268,1,482,258,2,484,258,3,486,258,4,481,258,5,482,258,6,483,258,7,500,262,8,497,261,9,483,278,10,480,279,11,532,319,12,512,312,13,507,405,15,461,463,17,451,484,19,442,478,21,444,472,23,541,467,24,520,450,25,429,507
1694142403.2647579,0,474,268,1,482,258,2,484,258,3,486,258,4,481,258,5,482,258,6,483,258,7,500,262,8,497,261,9,482,278,10,480,279,11,532,319,12,512,312,13,507,406,15,461,463,17,451,484,19,442,478,21,444,472,23,541,467,24,520,450,25,429,507
1694142403.3147578,0,474,268,1,482,258,2,484,258,3,486,258,4,481,258,5,482,258,6,483,258,7,500,262,8,497,260,9,482,278,10,479,278,11,532,319,12,512,312,13,507,406,15,461,464,17,451,484,19,442,478,21,444,472,23,541,467,24,520,450,25,429,507
1694142403.364758,0,473,267,1,481,258,2,483,257,3,485,257,4,480,258,5,482,258,6,483,257,7,499,262,8,496,260,9,481,278,10,479,278,11,532,319,12,512,312,13,507,406,15,461,464,17,451,484,19,442,478,21,444,472,23,541,468,24,520,450,25,429,507
1694142403.414758,0,473,267,1,481,257,2,483,257,3,485,257,4,480,258,5,481,257,6,483,257,7,499,262,8,496,260,9,481,278,10,479,278,11,532,319,12,512,312,13,507,406,15,461,464,17,451,484,19,442,479,21,443,473,23,541,468,24,519,450,25,429,507
1694142403.464758,0,473,267,1,481,257,2,482,257,3,485,257,4,480,257,5,481,257,6,483,257,7,499,262,8,496,260,9,481,278,10,479,278,11,532,319,12,512,312,13,507,405,15,461,464,17,451,485,19,442,479,21,443,473,23,541,468,24,519,450,25,428,507
1694142403.5147579,0,472,269,1,479,258,2,481,258,3,483,258,4,478,258,5,479,258,6,481,258,7,498,262,8,495,261,9,481,280,10,478,280,11,532,319,12,512,312,13,508,405,15,461,464,17,451,485,19,442,479,21,443,473,23,541,468,24,520,450,25,428,507
1694142403.5647578,0,470,273,1,475,262,2,477,261,3,479,261,4,474,262,5,475,262,6,476,261,7,495,263,8,491,262,9,480,283,10,477,284,11,531,318,12,511,312,13,509,406,15,462,464,17,451,485,19,442,479,21,444,473,23,542,468,24,520,450,25,428,507
1694142403.614758,0,470,274,1,474,263,2,476,263,3,478,262,4,472,263,5,473,263,6,474,263,7,493,263,8,490,263,9,479,284,10,477,285,11,531,318,12,511,312,13,510,406,15,462,464,17,451,485,19,442,479,21,444,473,23,543,468,24,520,450,25,428,507
1694142403.664758,0,468,274,1,472,263,2,474,262,3,477,262,4,471,263,5,472,263,6,473,263,7,492,263,8,489,263,9,477,284,10,475,285,11,531,319,12,510,313,13,510,407,15,462,464,17,451,485,19,442,479,21,444,473,23,543,469,24,521,450,25,428,507
1694142403.714758,0,468,274,1,473,263,2,475,262,3,477,262,4,472,263,5,472,263,6,474,262,7,493,263,8,489,263,9,477,284,10,475,284,11,530,319,12,510,313,13,510,407,15,460,465,17,450,485,19,441,479,21,443,473,23,543,469,24,520,450,25,428,507
1694142403.7647579,0,468,273,1,473,262,2,475,262,3,477,262,4,472,263,5,473,263,6,474,262,7,493,263,8,490,263,9,477,284,10,475,284,11,530,319,12,509,312,13,510,407,15,459,465,17,449,485,19,440,480,21,442,474,23,543,469,24,520,450,25,428,508
1694142403.8147578,0,468,273,1,473,262,2,475,262,3,478,261,4,472,263,5,473,262,6,474,262,7,493,263,8,490,263,9,477,283,10,475,284,11,530,319,12,509,312,13,510,408,15,459,465,17,449,485,19,440,480,21,442,474,23,542,469,24,520,450,25,428,508
1694142403.864758,0,469,271,1,475,260,2,477,260,3,479,260,4,473,261,5,474,261,6,475,260,7,494,263,8,490,262,9,477,282,10,475,282,11,527,318,12,515,311,13,509,408,15,448,451,17,440,470,19,435,468,21,437,462,23,541,468,24,525,451,25,432,511
1694142403.914758,0,469,270,1,475,260,2,477,259,3,480,259,4,474,260,5,475,260,6,476,260,7,494,262,8,491,262,9,477,281,10,475,281,11,526,317,12,516,310,13,509,408,15,446,446,17,437,466,19,433,464,21,435,458,23,541,467,24,528,452,25,435,512
1694142403.964758,0,470,269,1,477,259,2,480,259,3,482,258,4,476,259,5,477,259,6,478,258,7,496,262,8,492,261,9,478,280,10,476,280,11,529,318,12,513,310,13,505,399,15,433,408,17,418,414,19,415,406,21,421,404,23,545,467,24,527,447,25,434,509
1694142404.0147579,0,471,268,1,479,258,2,481,258,3,483,258,4,477,258,5,478,258,6,479,258,7,497,262,8,493,261,9,479,279,10,476,279,11,531,318,12,511,310,13,503,396,15,430,403,17,413,408,19,412,402,21,418,400,23,546,467,24,527,446,25,434,508
1694142404.0647578,0,473,267,1,481,257,2,483,257,3,485,257,4,479,257,5,480,257,6,481,256,7,499,261,8,494,260,9,481,278,10,478,278,11,533,318,12,510,311,13,495,380,15,420,354,17,401,353,19,400,348,21,406,348,23,546,466,24,525,446,25,434,507
1694142404.114758,0,477,266,1,484,257,2,486,257,3,488,257,4,482,257,5,483,256,6,484,256,7,501,260,8,497,259,9,485,277,10,482,276,11,534,311,12,509,314,13,487,354,15,419,315,17,402,309,19,402,301,21,407,303,23,545,462,24,520,450,25,456,495
1694142404.164758,0,480,267,1,485,257,2,487,257,3,490,257,4,484,257,5,485,256,6,485,256,7,503,260,8,498,259,9,488,277,10,484,277,11,533,309,12,509,314,13,486,351,15,418,313,17,402,307,19,402,300,21,408,301,23,545,458,24,519,450,25,492,467
1694142404.214758,0,480,267,1,486,257,2,488,257,3,490,257,4,484,257,5,485,256,6,486,256,7,503,260,8,499,259,9,488,277,10,485,277,11,533,309,12,509,315,13,485,351,15,418,313,17,402,307,19,402,300,21,407,302,23,545,457,24,519,451,25,490,467
1694142404.2647579,0,482,266,1,487,257,2,489,257,3,491,256,4,486,256,5,487,256,6,488,255,7,505,259,8,501,257,9,489,275,10,486,275,11,533,308,12,514,312,13,475,329,15,417,291,17,404,283,19,405,277,21,410,280,23,545,450,24,519,445,25,504,465
1694142404.3147578,0,485,266,1,490,257,2,492,256,3,494,256,4,488,256,5,489,256,6,490,255,7,509,259,8,503,257,9,492,274,10,489,274,11,533,304,12,513,306,13,469,317,15,419,276,17,407,268,19,405,262,21,411,265,23,546,435,24,515,430,25,556,473
1694142404.364758,0,486,266,1,491,257,2,493,256,3,495,256,4,489,256,5,489,256,6,490,255,7,509,259,8,503,257,9,493,274,10,489,274,11,533,301,12,513,305,13,473,317,15,420,278,17,408,269,19,406,263,21,411,266,23,549,431,24,516,425,25,549,473,26,465,429
1694142404.414758,0,486,264,1,491,255,2,493,255,3,495,255,4,489,255,5,490,255,6,490,254,7,509,258,8,503,256,9,492,272,10,489,272,11,533,301,12,513,306,13,471,316,15,421,277,17,409,268,19,407,262,21,412,265,23,548,432,24,516,429,25,529,470,26,462,441
1694142404.464758,0,485,261,1,491,253,2,493,253,3,495,253,4,489,252,5,489,252,6,490,252,7,509,256,8,503,255,9,492,269,10,489,269,11,533,298,12,509,304,13,471,314,15,422,274,17,410,264,19,411,258,21,414,261,23,547,426,24,515,425,25,530,451,26,459,444
1694142404.5147579,0,486,260,1,492,252,2,494,252,3,496,252,4,490,252,5,490,252,6,491,252,7,510,256,8,504,255,9,493,268,10,490,268,11,532,298,12,509,305,13,468,310,15,422,270,17,410,261,19,412,254,21,415,258,23,547,425,24,515,425,25,523,425,26,459,441
1694142404.5647578,0,487,259,1,493,251,2,495,251,3,497,252,4,491,251,5,491,251,6,492,251,7,511,255,8,505,254,9,494,267,10,491,267,11,530,297,12,510,304,13,467,310,15,422,269,17,410,260,19,413,254,21,415,257,23,547,419,24,517,420,25,522,399,26,462,426
1694142404.614758,0,487,259,1,493,251,2,495,251,3,498,251,4,491,251,5,491,251,6,492,251,7,511,255,8,505,254,9,494,267,10,491,267,11,530,297,12,511,303,13,466,308,15,422,267,17,410,257,19,413,252,21,415,255,23,547,416,24,517,418,25,523,399,26,460,433
1694142404.664758,0,487,259,1,493,251,2,495,251,3,497,251,4,491,251,5,491,251,6,492,251,7,510,255,8,505,254,9,494,267,10,490,268,11,529,297,12,514,301,13,461,303,15,419,260,17,409,250,19,412,245,21,415,249,23,542,421,24,520,419,25,513,383,26,472,398
1694142404.714758,0,486,259,1,492,251,2,495,251,3,497,251,4,490,251,5,490,251,6,491,251,7,510,255,8,504,254,9,493,268,10,490,268,11,529,298,12,512,300,13,459,300,15,419,256,17,409,247,19,411,241,21,415,244,23,540,422,24,519,419,25,511,388,26,468,406
1694142404.7647579,0,486,260,1,492,251,2,494,251,3,497,251,4,489,251,5,490,251,6,491,251,7,510,255,8,504,254,9,493,268,10,489,268,11,528,298,12,512,300,13,459,300,15,419,255,17,408,246,19,411,240,21,415,244,23,539,423,24,519,418,25,509,399,26,467,389
1694142404.8147578,0,485,260,1,491,251,2,494,251,3,496,251,4,489,251,5,489,251,6,490,251,7,510,255,8,504,253,9,492,268,10,489,268,11,528,298,12,511,299,13,458,300,15,418,255,17,408,246,19,411,239,21,415,243,23,539,422,24,518,416,25,512,403,26,468,389
1694142404.864758,0,483,260,1,490,251,2,492,251,3,494,251,4,487,251,5,488,251,6,489,251,7,508,255,8,502,253,9,491,268,10,487,268,11,528,298,12,509,299,13,458,298,15,418,254,17,407,245,19,411,238,21,414,242,23,538,422,24,515,415,25,523,423,26,467,401
1694142404.914758,0,482,260,1,488,251,2,490,251,3,493,251,4,486,251,5,486,251,6,487,250,7,507,255,8,500,253,9,489,268,10,485,268,11,527,298,12,505,299,13,457,295,15,416,252,17,405,243,19,408,236,21,412,240,23,537,422,24,511,414,25,538,438,26,474,405
1694142404.964758,0,481,260,1,487,251,2,490,251,3,492,251,4,485,251,5,486,251,6,486,250,7,506,255,8,499,253,9,488,268,10,484,268,11,527,298,12,502,299,13,456,294,15,416,251,17,405,242,19,407,236,21,412,239,23,537,422,24,508,413,25,545,448,26,473,396
1694142405.0147579,0,480,260,1,487,251,2,489,251,3,491,251,4,485,251,5,485,251,6,486,250,7,505,255,8,499,253,9,487,268,10,484,268,11,526,298,12,503,298,13,456,294,15,415,251,17,404,243,19,407,236,21,411,239,23,536,421,24,508,412,25,549,469,26,474,391
1694142405.0647578,0,480,260,1,486,251,2,489,251,3,491,251,4,484,251,5,485,250,6,486,250,7,504,255,8,498,253,9,486,268,10,483,268,11,526,298,12,499,298,13,454,294,15,415,251,17,403,242,19,406,235,21,410,239,23,535,421,24,508,412,25,525,427,26,469,392
1694142405.114758,0,478,259,1,486,251,2,488,251,3,491,251,4,483,250,5,484,250,6,485,250,7,504,255,8,497,253,9,485,268,10,481,267,11,525,298,12,497,298,13,453,296,15,414,252,17,402,243,19,405,237,21,410,240,23,531,421,24,505,413,25,506,406,26,456,395
1694142405.164758,0,478,258,1,486,250,2,488,250,3,490,251,4,483,250,5,484,250,6,485,249,7,504,255,8,497,253,9,484,267,10,481,267,11,524,298,12,498,298,13,453,297,15,414,252,17,401,242,19,405,237,21,409,240,23,530,421,24,506,414,25,502,399,26,452,396
1694142405.214758,0,477,258,1,485,250,2,487,250,3,490,250,4,483,250,5,483,249,6,484,249,7,503,255,8,496,253,9,484,267,10,480,267,11,524,298,12,495,298,13,453,297,15,413,253,17,401,242,19,405,237,21,409,241,23,531,420,24,505,413,25,506,407,26,455,375
1694142405.2647579,0,476,258,1,485,250,2,487,250,3,490,250,4,482,250,5,483,249,6,483,249,7,503,255,8,496,253,9,483,267,10,479,267,11,524,298,12,497,300,13,453,302,15,413,256,17,401,246,19,404,239,21,409,243,23,531,419,24,505,413,25,506,389,26,456,379
1694142405.3147578,0,476,258,1,484,250,2,487,250,3,489,250,4,482,250,5,482,249,6,483,249,7,502,255,8,496,253,9,483,267,10,479,267,11,523,299,12,497,302,13,453,306,15,410,260,17,398,249,19,402,242,21,406,246,23,530,420,24,506,416,25,500,376,26,456,381
1694142405.364758,0,476,259,1,484,250,2,487,250,3,489,251,4,482,250,5,482,250,6,483,250,7,502,255,8,496,253,9,483,267,10,479,267,11,523,299,12,497,303,13,453,307,15,409,262,17,397,250,19,402,244,21,406,248,23,530,420,24,506,417,25,501,373,26,457,381
1694142405.414758,0,476,259,1,484,250,2,487,250,3,489,251,4,482,250,5,482,250,6,483,250,7,502,255,8,496,254,9,483,268,10,479,268,11,523,299,12,497,304,13,453,308,15,409,263,17,397,251,19,402,245,21,406,249,23,530,420,24,506,418,25,503,378,26,456,384
1694142405.464758,0,475,259,1,484,251,2,486,251,3,489,251,4,481,251,5,482,250,6,482,250,7,502,256,8,496,254,9,483,268,10,478,268,11,522,300,12,496,304,13,453,310,15,409,266,17,397,253,19,402,247,21,406,251,23,530,420,24,504,420,25,504,376,26,453,399
1694142405.5147579,0,472,259,1,480,251,2,483,251,3,485,251,4,479,251,5,479,250,6,481,250,7,499,256,8,494,254,9,478,268,10,475,268,11,517,301,12,496,304,13,450,316,15,409,270,17,398,259,19,403,252,21,406,256,23,526,421,24,504,422,25,505,366,26,453,401
1694142405.5647578,0,472,260,1,480,251,2,482,251,3,484,252,4,478,251,5,479,251,6,480,250,7,498,257,8,494,255,9,478,269,10,475,269,11,515,303,12,497,304,13,449,317,15,409,273,17,399,261,19,403,254,21,406,258,23,523,425,24,505,423,25,495,374,26,458,395
1694142405.614758,0,472,260,1,480,252,2,482,252,3,484,253,4,478,252,5,479,251,6,480,251,7,499,258,8,493,255,9,478,270,10,475,270,11,516,303,12,497,304,13,450,317,15,408,275,17,399,262,19,403,257,21,406,260,23,524,426,24,505,422,25,492,372,26,458,377
1694142405.664758,0,470,263,1,476,254,2,478,255,3,480,255,4,475,254,5,476,254,6,477,254,7,494,259,8,491,257,9,476,272,10,473,273,11,511,305,12,502,304,13,453,329,15,410,285,17,402,276,19,407,269,21,410,273,23,523,427,24,511,423,25,493,399,26,468,409
1694142405.714758,0,467,267,1,472,257,2,474,257,3,476,257,4,471,257,5,472,257,6,473,257,7,490,260,8,487,259,9,474,275,10,472,276,11,511,305,12,502,304,13,460,338,15,413,295,17,406,286,19,412,279,21,414,282,23,523,427,24,514,424,25,493,395,26,482,424
1694142405.7647579,0,466,268,1,470,258,2,472,258,3,475,258,4,469,258,5,470,258,6,471,257,7,488,260,8,485,259,9,473,276,10,471,277,11,511,306,12,501,304,13,461,340,15,414,296,17,407,287,19,412,280,21,415,283,23,524,427,24,514,424,25,495,416,26,479,436
1694142405.8147578,0,465,269,1,470,259,2,472,259,3,474,259,4,469,259,5,469,258,6,470,258,7,488,261,8,485,260,9,473,277,10,470,278,11,511,306,12,501,304,13,463,342,15,415,297,17,408,289,19,413,281,21,416,285,23,524,427,24,515,424,25,492,411,26,479,435
1694142405.864758,0,463,269,1,467,260,2,469,259,3,472,259,4,466,259,5,466,259,6,468,259,7,486,261,8,483,260,9,471,278,10,468,279,11,511,306,12,500,304,13,462,342,15,415,298,17,407,290,19,413,282,21,415,286,23,525,426,24,515,425,25,493,420,26,469,440
1694142405.914758,0,461,269,1,467,259,2,469,259,3,471,259,4,465,259,5,466,259,6,467,258,7,486,261,8,482,260,9,469,277,10,467,278,11,510,306,12,499,304,13,462,344,15,413,300,17,406,291,19,411,283,21,414,287,23,525,425,24,515,425,25,498,418,26,466,436
1694142405.964758,0,461,268,1,467,259,2,469,259,3,472,259,4,466,259,5,467,258,6,468,258,7,486,261,8,482,260,9,469,277,10,467,278,11,510,307,12,497,304,13,461,343,15,412,300,17,405,292,19,410,284,21,412,288,23,527,425,24,514,425,25,506,418,26,462,440
1694142406.0147579,0,462,268,1,468,259,2,470,259,3,472,259,4,466,258,5,467,258,6,468,258,7,486,261,8,483,260,9,469,277,10,467,278,11,509,307,12,497,304,13,461,343,15,411,301,17,404,293,19,408,284,21,411,288,23,528,425,24,514,425,25,508,413,26,460,436
1694142406.0647578,0,462,268,1,468,259,2,470,259,3,473,259,4,467,258,5,468,258,6,469,258,7,486,261,8,483,260,9,469,277,10,467,278,11,508,307,12,496,305,13,461,342,15,410,301,17,403,293,19,408,284,21,410,288,23,528,425,24,513,426,25,510,410,26,459,441
1694142406.114758,0,462,266,1,469,257,2,471,257,3,473,257,4,468,257,5,470,256,6,471,256,7,486,261,8,484,259,9,469,275,10,467,275,11,508,307,12,497,305,13,461,342,15,410,302,17,402,294,19,406,285,21,409,288,23,526,425,24,512,426,25,504,391,26,459,442
1694142406.164758,0,463,265,1,470,257,2,472,257,3,474,257,4,470,256,5,471,256,6,472,256,7,486,261,8,485,259,9,469,274,10,467,275,11,507,307,12,498,305,13,461,341,15,410,302,17,402,294,19,406,285,21,409,289,23,525,425,24,513,426,25,502,389,26,459,443
1694142406.214758,0,463,265,1,471,257,2,472,257,3,474,257,4,470,256,5,472,256,6,473,256,7,487,260,8,485,259,9,470,274,10,468,274,11,507,307,12,498,305,13,461,341,15,410,302,17,402,294,19,406,285,21,409,289,23,525,425,24,513,426,25,501,391,26,460,444
1694142406.2647579,0,466,265,1,473,256,2,475,256,3,477,256,4,473,256,5,474,256,6,475,255,7,488,260,8,487,259,9,472,274,10,470,274,11,507,306,12,499,305,13,461,340,15,410,301,17,401,294,19,404,285,21,408,288,23,525,424,24,513,426,25,501,395,26,460,445
1694142406.3147578,0,468,263,1,475,255,2,477,255,3,479,256,4,474,255,5,475,255,6,476,255,7,491,260,8,488,258,9,474,272,10,472,272,11,507,306,12,499,305,13,461,338,15,409,301,17,399,293,19,402,284,21,406,288,23,528,422,24,513,423,25,501,408,26,457,444
1694142406.364758,0,469,263,1,476,255,2,478,255,3,480,255,4,475,255,5,475,254,6,477,254,7,492,260,8,489,258,9,475,271,10,472,272,11,507,307,12,499,305,13,461,336,15,409,301,17,398,293,19,401,284,21,406,288,23,528,422,24,513,425,25,501,381,26,459,444
1694142406.414758,0,469,263,1,476,254,2,478,255,3,480,255,4,475,254,5,476,254,6,477,254,7,492,260,8,489,258,9,476,271,10,473,271,11,507,307,12,498,306,13,462,336,15,409,300,17,397,292,19,400,284,21,405,287,23,528,422,24,513,425,25,501,376,26,460,443
1694142406.464758,0,470,262,1,477,254,2,479,254,3,481,255,4,475,254,5,476,254,6,477,254,7,493,260,8,490,258,9,476,271,10,473,271,11,509,306,12,497,306,13,462,335,15,408,300,17,397,292,19,399,283,21,404,287,23,529,421,24,513,425,25,502,381,26,459,442,29,460,409,31,432,390
1694142406.5147579,0,470,262,1,477,254,2,479,254,3,481,254,4,475,254,5,476,254,6,477,254,7,493,260,8,490,258,9,476,270,10,473,271,11,511,305,12,496,307,13,462,333,15,408,297,17,397,288,19,399,279,21,404,283,23,530,420,24,512,425,25,511,383,26,458,448,29,460,407,31,429,385
1694142406.5647578,0,470,262,1,477,254,2,478,254,3,481,254,4,475,254,5,476,254,6,477,254,7,494,259,8,490,258,9,476,270,10,473,270,11,512,305,12,495,307,13,461,332,15,408,296,17,397,287,19,400,277,21,404,282,23,531,420,24,512,424,25,513,385,26,457,443,29,459,402,31,428,376
1694142406.614758,0,470,262,1,477,254,2,479,254,3,481,254,4,475,254,5,476,254,6,477,254,7,494,259,8,490,258,9,476,270,10,473,270,11,512,305,12,495,307,13,461,332,15,408,294,17,397,285,19,400,276,21,404,281,23,532,420,24,512,424,25,513,387,26,457,434,29,462,405,31,432,384
1694142406.664758,0,470,260,1,477,253,2,479,253,3,481,253,4,475,252,5,476,252,6,477,252,7,494,259,8,490,257,9,476,269,10,473,269,11,511,305,12,495,308,13,460,332,15,408,294,17,397,285,19,399,276,21,404,281,23,531,420,24,512,424,25,513,385,26,458,434,29,458,400,31,427,370
1694142406.714758,0,470,260,1,477,253,2,479,253,3,481,253,4,475,252,5,476,252,6,477,252,7,494,259,8,490,257,9,476,269,10,473,269,11,511,305,12,495,307,13,462,334,15,408,297,17,397,288,19,399,277,21,404,282,23,531,420,24,512,424,25,511,375,26,459,435,27,450,385,29,446,395,31,415,359
1694142406.7647579,0,470,260,1,477,253,2,479,253,3,481,253,4,475,252,5,476,252,6,477,252,7,494,259,8,490,257,9,477,269,10,473,269,11,511,306,12,495,307,13,462,335,15,408,298,17,396,289,19,399,279,21,404,283,23,530,420,24,512,424,25,509,375,26,460,437,27,449,384,29,445,394,31,413,356
1694142406.8147578,0,470,260,1,477,253,2,479,253,3,481,253,4,475,252,5,476,252,6,477,252,7,494,258,8,490,257,9,477,269,10,474,269,11,510,306,12,495,307,13,463,336,15,408,298,17,396,290,19,399,279,21,403,284,23,530,420,24,512,425,25,509,376,26,461,438,27,450,383,29,446,393,31,415,356
1694142406.864758,0,470,260,1,477,253,2,479,253,3,481,253,4,475,252,5,476,252,6,477,252,7,494,258,8,490,257,9,477,269,10,474,269,11,510,307,12,495,307,13,462,336,15,406,298,17,394,289,19,397,279,21,402,284,23,530,422,24,512,425,25,505,390,26,458,433,27,460,409,29,460,415,31,432,398
1694142406.914758,0,470,261,1,477,253,2,479,253,3,481,253,4,476,253,5,476,253,6,477,253,7,494,259,8,490,257,9,477,269,10,474,269,11,509,307,12,496,307,13,460,335,15,406,297,17,393,288,19,396,277,21,401,282,23,527,421,24,513,425,25,501,365,26,469,438,27,426,358,29,418,366,31,393,322
1694142406.964758,0,471,261,1,477,253,2,479,253,3,482,253,4,476,253,5,477,253,6,478,253,7,494,259,8,490,257,9,477,269,10,474,269,11,509,307,12,497,307,13,459,334,15,405,296,17,393,287,19,395,276,21,400,281,23,526,420,24,514,424,25,497,360,26,474,441,27,423,354,29,415,363,31,391,317
1694142407.0147579,0,471,261,1,478,253,2,480,253,3,482,254,4,476,253,5,477,253,6,478,253,7,494,259,8,490,257,9,477,269,10,474,269,11,509,307,12,497,307,13,459,334,15,405,295,17,393,287,19,395,276,21,400,281,23,525,420,24,514,424,25,497,360,26,475,442,27,425,355,29,416,365,31,392,319,32,492,471
1694142407.0647578,0,471,260,1,478,252,2,480,253,3,482,253,4,476,252,5,477,252,6,478,252,7,494,258,8,490,256,9,477,268,10,474,268,11,512,305,12,497,305,13,455,330,15,401,289,17,390,280,19,392,270,21,397,275,23,529,421,24,514,423,25,497,383,26,461,414,27,455,412,29,460,428,31,427,407,32,441,470
1694142407.114758,0,470,260,1,477,252,2,479,252,3,482,253,4,476,252,5,476,252,6,477,252,7,494,258,8,490,256,9,477,268,10,474,268,11,512,305,12,498,304,13,452,327,15,399,286,17,388,275,19,391,268,21,395,272,23,530,421,24,514,419,25,498,398,26,458,403,27,473,418,29,472,430,31,449,416,32,431,461
1694142407.164758,0,470,259,1,477,252,2,479,252,3,482,252,4,476,252,5,476,252,6,477,252,7,494,258,8,490,256,9,477,268,10,474,268,11,512,305,12,498,304,13,450,326,15,399,284,17,387,274,19,390,267,21,394,270,23,531,421,24,513,416,25,504,408,26,456,402,27,480,421,29,482,424,31,453,418,32,431,458
1694142407.214758,0,468,261,1,476,253,2,478,253,3,480,253,4,474,253,5,475,253,6,476,253,7,493,259,8,489,257,9,475,270,10,472,270,11,512,305,12,496,304,13,450,326,15,399,285,17,388,275,19,390,268,21,394,271,23,532,421,24,511,416,25,519,427,26,456,399,29,502,422,31,476,422,32,429,458
1694142407.2647579,0,467,262,1,475,254,2,477,254,3,479,254,4,473,254,5,474,254,6,476,254,7,492,259,8,488,257,9,474,271,10,472,271,11,512,304,12,495,304,13,450,326,15,399,285,17,388,276,19,390,268,21,394,272,23,533,421,24,510,416,25,520,424,26,456,401,29,499,421,31,472,420,32,431,457
1694142407.3147578,0,464,263,1,472,255,2,474,255,3,476,255,4,470,255,5,471,255,6,473,254,7,490,260,8,486,258,9,472,273,10,469,273,11,512,304,12,495,304,13,450,326,15,399,286,17,388,276,19,390,269,21,394,272,23,534,421,24,510,416,25,523,422,26,456,395,31,480,423,32,427,457
1694142407.364758,0,464,264,1,471,256,2,473,256,3,475,256,4,470,255,5,471,255,6,472,255,7,489,260,8,485,258,9,471,273,10,468,274,11,512,304,12,495,305,13,451,326,15,399,286,17,388,276,19,391,269,21,395,272,23,535,421,24,510,417,25,520,417,26,456,395,32,429,456
1694142407.414758,0,462,266,1,469,257,2,471,257,3,473,257,4,467,257,5,468,257,6,470,256,7,487,260,8,483,259,9,469,275,10,467,275,11,512,304,12,494,304,13,451,326,15,399,288,17,388,280,19,390,272,21,394,274,23,535,421,24,509,416,25,524,424,26,458,396,30,462,449,32,430,459
1694142407.464758,0,462,266,1,468,258,2,470,258,3,472,258,4,467,257,5,468,257,6,469,257,7,486,261,8,483,259,9,468,275,10,466,275,11,512,304,12,494,304,13,452,326,15,399,289,17,388,280,19,390,273,21,394,275,23,535,421,24,509,417,25,524,424,26,458,399,30,462,449,32,433,460
1694142407.5147579,0,461,266,1,468,258,2,470,258,3,472,258,4,467,257,5,468,257,6,469,257,7,486,261,8,483,259,9,467,275,10,465,275,11,509,305,12,494,305,13,449,327,15,398,289,17,387,281,19,388,273,21,392,276,23,535,421,24,509,416,25,525,429,26,464,390,30,461,449,32,432,460
1694142407.5647578,0,461,266,1,468,257,2,470,258,3,472,258,4,467,257,5,468,257,6,469,257,7,486,261,8,483,259,9,467,275,10,465,275,11,508,306,12,494,305,13,447,326,15,397,289,17,386,281,19,388,274,21,392,276,23,535,421,24,509,415,25,527,433,26,466,389,30,461,448,32,429,460
1694142407.614758,0,461,266,1,469,257,2,471,257,3,473,258,4,467,257,5,469,257,6,470,257,7,487,261,8,483,259,9,467,275,10,465,275,11,507,306,12,494,305,13,446,326,15,396,289,17,386,281,19,388,274,21,392,276,23,534,421,24,510,415,25,519,432,26,466,391,30,461,448,32,430,455
1694142407.664758,0,461,266,1,469,258,2,471,258,3,474,258,4,468,257,5,469,257,6,470,257,7,487,261,8,483,259,9,468,275,10,465,275,11,507,306,12,494,306,13,446,326,15,396,289,17,386,281,19,388,274,21,392,277,23,534,420,24,510,415,25,520,428,26,466,403,30,463,447,32,436,453
1694142407.714758,0,463,265,1,471,257,2,473,257,3,475,257,4,469,257,5,470,256,6,471,256,7,488,261,8,484,259,9,470,274,10,467,274,11,508,304,12,494,307,13,446,326,15,396,289,17,385,281,19,387,274,21,391,276,23,534,419,24,509,415,25,530,431,26,463,400,30,462,447,32,432,454
1694142407.7647579,0,463,265,1,471,257,2,473,257,3,476,257,4,470,256,5,470,256,6,472,256,7,489,261,8,484,259,9,471,273,10,468,274,11,508,304,12,493,307,13,447,326,15,396,289,17,385,281,19,387,273,21,391,276,23,534,419,24,509,415,25,529,431,26,462,400,30,462,447,32,432,454
1694142407.8147578,0,465,263,1,473,255,2,475,255,3,477,255,4,471,255,5,472,254,6,473,254,7,490,260,8,485,258,9,472,272,10,469,272,11,509,303,12,493,308,13,447,326,15,396,288,17,385,280,19,387,272,21,391,275,23,534,419,24,508,418,25,529,429,26,455,416,30,466,445,32,443,449
1694142407.864758,0,466,262,1,474,254,2,476,254,3,478,254,4,472,254,5,473,254,6,474,254,7,490,259,8,486,258,9,473,271,10,470,271,11,510,303,12,493,309,13,447,326,15,396,288,17,385,280,19,387,272,21,391,275,23,534,419,24,508,419,25,527,423,26,454,420,30,471,443,32,449,444
1694142407.914758,0,467,261,1,474,253,2,476,253,3,479,254,4,473,253,5,473,253,6,474,253,7,491,259,8,486,258,9,474,270,10,471,271,11,512,302,12,492,308,13,450,325,15,397,288,17,386,279,19,388,271,21,392,274,23,535,418,24,509,419,25,524,406,26,454,416,30,472,443,32,454,446
1694142407.964758,0,468,261,1,475,253,2,476,253,3,479,253,4,473,253,5,474,253,6,474,253,7,491,259,8,487,258,9,474,270,10,471,270,11,513,302,12,491,308,13,451,325,15,398,287,17,386,278,19,388,270,21,392,274,23,536,418,24,509,417,25,524,409,26,465,380,30,472,443,32,448,446
1694142408.0147579,0,469,261,1,476,253,2,478,253,3,480,253,4,474,253,5,474,253,6,475,253,7,493,259,8,488,258,9,476,270,10,473,270,11,514,301,12,492,308,13,450,318,15,398,278,17,386,268,19,388,263,21,392,265,23,536,417,24,510,417,25,520,385,26,465,381,30,470,445,32,450,454
1694142408.0647578,0,470,261,1,476,253,2,479,253,3,481,253,4,474,253,5,475,253,6,476,253,7,494,259,8,489,258,9,477,270,10,474,270,11,514,301,12,492,308,13,450,316,15,398,275,17,386,266,19,388,260,21,392,263,23,536,416,24,511,417,25,517,382,26,464,409,30,476,445,32,466,462
1694142408.114758,0,470,261,1,476,253,2,478,253,3,480,253,4,474,253,5,474,253,6,475,253,7,493,258,8,488,257,9,476,270,10,473,270,11,515,299,12,489,305,13,448,308,15,399,268,17,388,259,19,390,254,21,394,257,23,537,409,24,505,408,25,552,438,26,460,415,30,484,438,32,481,453
1694142408.164758,0,470,261,1,476,253,2,477,253,3,480,253,4,474,253,5,474,253,6,475,253,7,493,258,8,487,257,9,476,270,10,473,270,11,514,299,12,491,302,13,445,306,15,399,266,17,388,257,19,390,252,21,394,255,23,535,411,24,505,409,25,545,427,26,460,403,30,475,441,32,457,455
1694142408.214758,0,470,261,1,476,253,2,478,253,3,480,253,4,474,253,5,474,253,6,475,253,7,493,258,8,488,257,9,476,270,10,473,270,11,513,298,12,493,301,13,443,299,15,399,258,17,388,251,19,390,246,21,394,248,23,533,411,24,506,408,25,540,443,26,459,424,32,468,457
1694142408.2647579,0,470,261,1,476,253,2,478,253,3,480,253,4,474,252,5,474,252,6,475,252,7,493,257,8,488,256,9,476,269,10,473,270,11,514,297,12,492,301,13,443,297,15,399,257,17,387,249,19,390,244,21,394,246,23,531,411,24,506,409,25,524,438,26,457,426
1694142408.3147578,0,470,261,1,477,253,2,479,253,3,481,253,4,475,253,5,475,252,6,476,252,7,493,257,8,489,256,9,477,269,10,474,270,11,514,298,12,493,302,13,440,294,15,397,254,17,385,247,19,387,241,21,391,243,23,530,412,24,506,410,25,531,444,26,456,438
1694142408.364758,0,471,261,1,477,253,2,479,253,3,482,253,4,475,252,5,476,252,6,477,252,7,494,256,8,489,256,9,477,269,10,475,270,11,514,297,12,493,302,13,439,293,15,396,253,17,384,246,19,386,241,21,390,243,23,530,412,24,506,410,25,540,455,26,456,436
1694142408.414758,0,472,261,1,478,253,2,480,252,3,482,253,4,476,252,5,476,252,6,477,252,7,494,256,8,489,256,9,478,269,10,475,269,11,514,297,12,492,302,13,439,293,15,396,254,17,382,247,19,384,241,21,389,244,23,530,412,24,503,409,25,551,466,26,455,436
1694142408.464758,0,471,261,1,478,252,2,480,252,3,482,252,4,476,252,5,476,252,6,477,252,7,494,256,8,489,255,9,478,269,10,475,269,11,514,297,12,492,302,13,439,293,15,395,254,17,382,247,19,383,241,21,388,244,23,531,412,24,503,410,25,546,452,26,453,434
1694142408.5147579,0,471,261,1,478,252,2,480,252,3,482,252,4,476,252,5,476,252,6,477,252,7,494,255,8,489,255,9,478,269,10,475,269,11,514,297,12,492,303,13,439,293,15,395,255,17,382,247,19,383,241,21,388,244,23,531,412,24,501,409,25,554,472,26,453,438
1694142408.5647578,0,471,261,1,478,252,2,480,252,3,482,252,4,476,252,5,476,252,6,477,252,7,494,255,8,489,255,9,478,269,10,475,269,11,514,297,12,492,303,13,440,293,15,395,254,17,382,247,19,383,241,21,388,244,23,531,412,24,501,409,25,552,471,26,453,436
1694142408.614758,0,471,261,1,477,252,2,479,252,3,481,252,4,476,252,5,476,252,6,477,252,7,493,255,8,489,255,9,478,269,10,475,269,11,512,296,12,494,302,13,438,290,15,394,253,17,381,246,19,383,241,21,387,243,23,531,410,24,502,405,25,559,483,26,457,445
1694142408.664758,0,472,261,1,477,252,2,479,252,3,481,252,4,476,252,5,477,252,6,478,252,7,493,255,8,490,254,9,478,269,10,476,269,11,508,296,12,503,301,13,438,290,15,394,254,17,381,246,19,383,241,21,387,243,23,527,411,24,508,405,25,552,475,26,464,448
1694142408.714758,0,472,261,1,477,252,2,479,252,3,481,252,4,476,252,5,477,252,6,478,252,7,493,254,8,490,254,9,478,269,10,476,269,11,508,296,12,502,302,13,438,290,15,394,254,17,381,246,19,383,241,21,387,243,23,528,410,24,507,405,25,562,483,26,464,450
1694142408.7647579,0,472,261,1,477,252,2,479,251,3,481,251,4,476,251,5,477,251,6,478,251,7,493,254,8,490,254,9,478,269,10,476,269,11,508,296,12,501,301,13,438,290,15,394,254,17,381,246,19,383,241,21,387,244,23,528,410,24,507,405,25,559,484,26,467,451
1694142408.8147578,0,472,261,1,478,251,2,479,251,3,481,251,4,477,251,5,478,251,6,479,251,7,493,254,8,491,253,9,478,269,10,477,269,11,508,296,12,501,301,13,437,290,15,394,253,17,381,245,19,383,240,21,387,243,23,527,411,24,507,407,25,557,486,26,469,458
1694142408.864758,0,472,260,1,478,251,2,479,251,3,481,251,4,477,251,5,478,251,6,480,250,7,493,254,8,492,253,9,478,269,10,477,269,11,507,296,12,502,300,13,436,289,15,394,253,17,381,244,19,383,240,21,387,243,23,526,411,24,508,407,25,556,485,26,473,456
1694142408.914758,0,473,260,1,478,251,2,480,251,3,481,251,4,477,251,5,478,251,6,480,250,7,494,254,8,492,253,9,479,269,10,478,269,11,508,297,12,502,300,13,437,289,15,394,253,17,381,245,19,383,240,21,387,242,23,525,413,24,509,408,25,547,482,26,474,456
1694142408.964758,0,473,260,1,478,251,2,480,251,3,482,251,4,478,251,5,479,250,6,480,250,7,494,254,8,492,253,9,479,269,10,478,269,11,508,297,12,502,302,13,437,289,15,394,253,17,381,245,19,383,240,21,387,242,23,525,413,24,509,408,25,547,482,26,472,457
1694142409.0147579,0,473,260,1,479,251,2,480,251,3,482,251,4,478,251,5,479,251,6,480,250,7,494,254,8,492,253,9,479,269,10,478,269,11,508,297,12,502,303,13,438,288,15,394,253,17,381,245,19,383,239,21,387,242,23,525,413,24,509,408,25,550,481,26,471,457
1694142409.0647578,0,473,260,1,479,251,2,480,251,3,482,251,4,478,251,5,479,251,6,481,250,7,494,254,8,493,253,9,479,269,10,479,269,11,508,297,12,502,301,13,438,288,15,394,253,17,381,245,19,383,239,21,387,241,23,525,413,24,509,408,25,553,482,26,471,456
1694142409.114758,0,474,261,1,479,252,2,480,252,3,482,252,4,478,252,5,479,252,6,481,251,7,494,254,8,492,254,9,480,269,10,479,269,11,508,296,12,506,299,13,439,287,15,394,253,17,381,245,19,383,239,21,387,241,23,526,412,24,513,407,25,548,481,26,472,456
1694142409.164758,0,474,262,1,479,253,2,480,253,3,482,253,4,478,253,5,479,253,6,481,252,7,494,254,8,492,254,9,480,269,10,480,269,11,508,296,12,508,299,13,439,286,15,394,253,17,381,245,19,382,239,21,387,241,23,526,412,24,513,406,25,548,481,26,472,456
1694142409.214758,0,474,261,1,478,253,2,480,253,3,481,253,4,478,253,5,479,253,6,480,252,7,493,254,8,492,254,9,480,269,10,480,269,11,508,295,12,507,299,13,439,286,15,394,253,17,381,245,19,382,239,21,387,241,23,526,411,24,513,407,25,543,480,26,472,461
1694142409.2647579,0,473,261,1,478,253,2,479,253,3,481,253,4,478,253,5,479,253,6,480,252,7,493,254,8,492,254,9,480,269,10,479,269,11,508,295,12,506,299,13,439,286,15,394,253,17,381,245,19,382,239,21,386,241,23,526,411,24,513,407,25,542,480,26,473,462
1694142409.3147578,0,473,261,1,478,252,2,479,252,3,481,252,4,478,252,5,479,252,6,480,251,7,493,254,8,492,254,9,479,268,10,479,268,11,508,295,12,506,299,13,438,285,15,393,253,17,380,245,19,381,239,21,385,241,23,524,412,24,513,408,25,534,482,26,476,469
1694142409.364758,0,473,260,1,478,252,2,479,252,3,481,252,4,478,252,5,479,251,6,480,251,7,493,254,8,492,253,9,479,268,10,479,268,11,507,295,12,506,299,13,438,285,15,392,253,17,379,245,19,380,239,21,384,242,23,523,412,24,513,409,25,534,482,26,477,469
1694142409.414758,0,473,260,1,478,251,2,479,251,3,481,251,4,478,251,5,479,251,6,480,251,7,493,254,8,492,253,9,479,267,10,478,268,11,506,295,12,505,300,13,436,283,15,390,252,17,377,243,19,378,238,21,382,241,23,521,412,24,513,410,25,534,481,26,481,471
1694142409.464758,0,473,259,1,478,251,2,479,251,3,481,251,4,478,251,5,479,250,6,480,250,7,493,254,8,492,253,9,478,267,10,478,267,11,505,295,12,505,300,13,436,282,15,389,251,17,375,242,19,377,237,21,381,240,23,519,412,24,513,410,25,524,481,26,493,470
1694142409.5147579,0,472,259,1,478,250,2,479,250,3,481,250,4,477,250,5,478,250,6,480,250,7,493,253,8,492,253,9,478,267,10,477,267,11,505,295,12,504,306,13,435,281,15,388,248,17,374,240,19,375,235,21,380,237,23,520,413,24,511,412,25,529,480,26,488,471
1694142409.5647578,0,472,259,1,478,250,2,479,250,3,481,250,4,477,250,5,478,250,6,480,249,7,493,253,8,492,253,9,477,267,10,476,267,11,505,295,12,502,308,13,435,280,15,387,246,17,373,238,19,374,233,21,379,236,23,520,413,24,510,413,25,531,480,26,485,471
1694142409.614758,0,471,259,1,478,250,2,479,250,3,481,250,4,477,250,5,478,249,6,479,249,7,493,253,8,492,253,9,477,267,10,476,267,11,506,295,12,501,308,13,435,279,15,387,245,17,373,237,19,374,232,21,378,235,23,519,411,24,508,413,25,539,478,26,497,472
1694142409.664758,0,471,258,1,478,250,2,479,249,3,481,250,4,477,249,5,478,249,6,479,249,7,493,253,8,492,252,9,477,266,10,476,266,11,507,295,12,501,308,13,434,279,15,387,245,17,372,236,19,373,232,21,378,235,23,519,410,24,508,412,25,542,478,26,497,475
1694142409.714758,0,472,258,1,478,249,2,479,249,3,481,249,4,477,249,5,478,249,6,480,248,7,493,253,8,492,252,9,477,266,10,476,266,11,507,294,12,501,304,13,434,279,15,387,245,17,372,237,19,373,232,21,378,235,23,520,410,24,507,409,25,542,483,26,493,476
1694142409.7647579,0,472,257,1,478,249,2,479,248,3,481,249,4,477,248,5,478,248,6,480,248,7,493,252,8,492,252,9,477,265,10,476,265,11,507,294,12,500,303,13,434,279,15,387,245,17,372,237,19,373,232,21,378,235,23,521,409,24,506,407,25,545,482,26,487,475
1694142409.8147578,0,472,256,1,478,248,2,479,248,3,481,248,4,478,248,5,479,247,6,480,247,7,493,252,8,492,251,9,477,264,10,477,264,11,503,294,12,505,297,13,434,279,15,385,245,17,371,237,19,372,233,21,377,235,23,518,405,24,511,405,25,545,481,26,510,481
1694142409.864758,0,473,256,1,478,248,2,480,248,3,481,248,4,478,247,5,479,247,6,480,247,7,493,251,8,492,251,9,477,264,10,477,264,11,504,294,12,501,298,13,434,279,15,385,246,17,371,237,19,371,233,21,376,235,23,519,405,24,509,404,25,545,481,26,501,480
1694142409.914758,0,473,256,1,479,247,2,480,247,3,482,248,4,478,247,5,479,247,6,480,247,7,494,251,8,492,251,9,477,264,10,477,264,11,505,294,12,498,299,13,434,279,15,385,246,17,371,237,19,371,233,21,376,235,23,520,404,24,507,403,25,544,479,26,498,473
1694142409.964758,0,473,256,1,479,247,2,480,247,3,482,248,4,478,247,5,479,247,6,480,247,7,494,251,8,492,251,9,477,264,10,477,264,11,505,293,12,498,299,13,434,279,15,385,246,17,370,237,19,371,233,21,376,235,23,520,404,24,507,403,25,534,479,26,505,473
1694142410.0147579,0,473,255,1,479,247,2,480,247,3,482,247,4,478,247,5,479,246,6,481,246,7,494,251,8,492,251,9,477,264,10,477,263,11,506,293,12,498,299,13,434,279,15,385,246,17,371,237,19,371,233,21,376,236,23,521,404,24,507,402,25,535,477,26,500,468
1694142410.0647578,0,473,255,1,480,247,2,481,247,3,483,247,4,479,247,5,480,246,6,481,246,7,495,251,8,492,251,9,478,264,10,477,264,11,510,293,12,493,300,13,437,279,15,385,245,17,371,237,19,371,232,21,376,235,23,525,404,24,503,402,25,545,477,26,481,460
1694142410.114758,0,474,255,1,480,247,2,482,247,3,484,247,4,479,247,5,480,246,6,481,246,7,496,251,8,493,251,9,479,264,10,478,264,11,511,293,12,493,301,13,438,278,15,385,245,17,371,236,19,371,231,21,376,234,23,526,403,24,502,401,25,549,476,26,482,459
1694142410.164758,0,475,255,1,481,247,2,483,247,3,485,247,4,480,247,5,481,247,6,482,247,7,497,251,8,493,251,9,480,264,10,479,264,11,514,292,12,490,301,13,440,279,15,386,245,17,371,236,19,371,231,21,377,234,23,529,403,24,499,401,25,554,476,26,473,451
1694142410.214758,0,476,255,1,482,247,2,484,247,3,486,247,4,480,247,5,481,247,6,482,247,7,497,251,8,493,251,9,481,264,10,479,264,11,515,292,12,490,298,13,441,278,15,386,245,17,371,236,19,372,230,21,377,233,23,529,403,24,497,401,25,554,477,26,468,452
1694142410.2647579,0,476,256,1,482,247,2,483,247,3,486,247,4,480,247,5,481,247,6,482,247,7,497,251,8,493,251,9,481,264,10,479,264,11,515,292,12,491,298,13,441,278,15,386,244,17,371,236,19,372,230,21,377,233,23,528,404,24,498,401,25,553,477,26,469,454
1694142410.3147578,0,476,256,1,482,247,2,483,247,3,485,248,4,480,247,5,481,247,6,482,247,7,497,251,8,493,251,9,481,264,10,479,264,11,511,292,12,499,296,13,440,278,15,386,244,17,371,235,19,372,230,21,377,233,23,524,404,24,505,401,25,535,474,26,492,465
1694142410.364758,0,476,256,1,481,248,2,482,248,3,484,248,4,480,247,5,481,247,6,482,247,7,497,251,8,493,251,9,481,264,10,479,264,11,511,293,12,500,295,13,440,277,15,386,244,17,371,235,19,372,230,21,377,233,23,522,405,24,506,402,25,527,474,26,491,467
1694142410.414758,0,475,256,1,480,248,2,482,248,3,484,248,4,479,247,5,480,247,6,481,247,7,496,251,8,493,251,9,481,264,10,479,264,11,510,293,12,499,294,13,440,277,15,386,244,17,371,236,19,372,230,21,377,233,23,521,405,24,507,402,25,528,474,26,495,469
1694142410.464758,0,475,256,1,480,248,2,482,248,3,484,248,4,479,248,5,480,247,6,481,247,7,496,251,8,493,251,9,481,264,10,479,264,11,511,293,12,499,294,13,440,277,15,386,244,17,371,235,19,372,230,21,377,233,23,522,404,24,506,402,25,531,474,26,496,468
1694142410.5147579,0,475,256,1,480,248,2,482,248,3,483,248,4,479,247,5,480,247,6,481,247,7,496,251,8,493,251,9,481,264,10,479,264,11,511,293,12,499,294,13,440,277,15,386,244,17,371,235,19,372,230,21,377,233,23,522,404,24,506,402,25,532,474,26,498,468
1694142410.5647578,0,475,256,1,480,248,2,482,248,3,483,248,4,479,247,5,480,247,6,481,247,7,496,251,8,493,251,9,481,264,10,479,264,11,511,293,12,500,294,13,439,277,15,386,244,17,371,235,19,372,230,21,377,233,23,522,405,24,506,402,25,533,474,26,490,465
1694142410.614758,0,475,256,1,480,248,2,482,248,3,484,248,4,479,247,5,480,247,6,481,247,7,496,251,8,493,251,9,481,264,10,479,264,11,511,293,12,500,294,13,438,277,15,386,243,17,371,235,19,372,230,21,377,233,23,522,405,24,506,402,25,533,474,26,489,463
1694142410.664758,0,475,256,1,480,248,2,482,248,3,484,248,4,479,247,5,480,247,6,481,247,7,496,251,8,493,251,9,481,264,10,479,264,11,512,293,12,496,294,13,440,277,15,386,243,17,372,235,19,372,229,21,377,232,23,523,405,24,504,402,25,542,473,26,489,454
1694142410.714758,0,475,256,1,480,248,2,482,248,3,484,248,4,479,247,5,480,247,6,481,247,7,496,251,8,493,251,9,481,264,10,479,264,11,512,292,12,496,294,13,440,277,15,386,243,17,372,234,19,372,229,21,377,232,23,523,404,24,503,402,25,542,473,26,489,454
1694142410.7647579,0,475,256,1,480,248,2,482,247,3,484,248,4,479,247,5,480,247,6,481,247,7,496,251,8,493,251,9,481,264,10,479,264,11,513,292,12,494,295,13,441,277,15,387,243,17,373,234,19,373,229,21,378,231,23,524,404,24,502,402,25,542,473,26,489,454
1694142410.8147578,0,475,256,1,480,248,2,482,247,3,484,248,4,479,247,5,480,247,6,481,247,7,496,251,8,493,251,9,481,264,10,479,264,11,513,292,12,493,295,13,442,277,15,388,243,17,373,234,19,373,228,21,378,231,23,524,404,24,502,402,25,542,473,26,490,455
1694142410.864758,0,475,255,1,480,247,2,482,247,3,483,247,4,479,247,5,480,247,6,481,247,7,495,251,8,493,251,9,480,263,10,479,264,11,513,292,12,493,294,13,442,277,15,388,241,17,373,233,19,373,227,21,378,230,23,524,404,24,502,402,25,540,475,26,487,457
1694142410.914758,0,475,255,1,480,247,2,482,247,3,483,247,4,479,247,5,480,246,6,481,246,7,495,251,8,493,250,9,480,263,10,479,263,11,510,291,12,497,295,13,439,276,15,388,241,17,373,232,19,373,227,21,378,230,23,522,400,24,504,400,25,537,473,26,503,467
1694142410.964758,0,472,255,1,478,247,2,480,247,3,481,247,4,477,247,5,478,247,6,480,246,7,494,251,8,491,250,9,478,263,10,477,263,11,511,291,12,492,296,13,439,278,15,386,246,17,371,236,19,371,231,21,376,234,23,523,401,24,499,400,25,545,474,26,489,458
1694142411.0147579,0,471,255,1,477,247,2,479,247,3,481,247,4,476,247,5,478,247,6,479,247,7,493,251,8,491,251,9,478,264,10,477,264,11,512,291,12,488,295,13,439,279,15,385,247,17,370,238,19,370,232,21,375,236,23,524,401,24,496,400,25,550,474,26,481,453
1694142411.0647578,0,468,261,1,474,252,2,476,251,3,478,251,4,473,252,5,474,251,6,476,251,7,492,254,8,489,253,9,475,270,10,474,270,11,512,295,12,487,300,13,439,293,15,379,269,17,364,262,19,365,256,21,369,258,23,527,406,24,496,403,25,558,475,26,462,450
1694142411.114758,0,467,263,1,473,254,2,475,253,3,477,253,4,472,254,5,473,253,6,475,253,7,491,255,8,488,254,9,475,272,10,473,272,11,513,296,12,487,302,13,441,296,15,377,272,17,362,266,19,364,259,21,368,261,23,529,409,24,496,405,25,559,474,26,462,447
1694142411.164758,0,465,263,1,471,254,2,473,253,3,475,253,4,470,254,5,471,253,6,473,253,7,489,256,8,487,255,9,471,272,10,469,272,11,511,296,12,488,304,13,441,315,15,375,311,17,358,308,19,357,303,21,362,304,23,526,416,24,499,411,25,509,433,26,464,414
1694142411.214758,0,464,265,1,470,255,2,472,255,3,474,255,4,469,255,5,470,255,6,472,254,7,489,258,8,486,257,9,471,275,10,469,274,11,509,302,12,488,307,13,441,318,15,372,316,17,356,309,19,355,305,21,359,306,23,525,421,24,499,414,25,524,446,26,462,429
1694142411.2647579,0,463,265,1,468,256,2,470,256,3,472,256,4,468,256,5,469,255,6,470,255,7,487,259,8,486,258,9,469,275,10,468,275,11,506,307,12,488,309,13,443,337,15,374,340,17,357,342,19,355,339,21,360,339,23,523,424,24,499,417,25,519,455,26,449,435
1694142411.3147578,0,462,265,1,468,256,2,469,256,3,471,255,4,467,256,5,468,255,6,470,255,7,486,259,8,485,257,9,468,274,10,467,274,11,501,309,12,491,308,13,442,339,15,374,342,17,357,344,19,356,342,21,360,342,23,520,425,24,499,418,25,523,458,26,456,433
1694142411.364758,0,461,265,1,466,255,2,468,255,3,470,255,4,466,255,5,468,255,6,470,255,7,485,259,8,484,257,9,467,274,10,466,274,11,499,309,12,492,309,13,443,350,15,374,354,17,357,355,19,357,351,21,362,352,23,519,424,24,500,420,25,523,454,26,457,435
1694142411.414758,0,461,264,1,467,255,2,468,255,3,470,255,4,466,255,5,468,255,6,469,254,7,485,259,8,484,257,9,466,274,10,466,274,11,501,308,12,490,312,13,445,346,15,377,354,17,358,355,19,358,352,21,362,352,23,520,427,24,500,422,25,525,458,26,461,432
1694142411.464758,0,460,264,1,467,255,2,468,255,3,470,255,4,466,255,5,467,254,6,468,254,7,484,259,8,483,257,9,466,274,10,465,274,11,501,307,12,490,312,13,445,346,15,377,352,17,358,355,19,358,352,21,363,352,23,520,425,24,499,420,25,535,471,26,457,434
1694142411.5147579,0,460,263,1,466,255,2,468,255,3,470,255,4,466,254,5,467,254,6,468,254,7,484,259,8,482,257,9,466,274,10,465,274,11,501,307,12,490,311,13,445,348,15,377,352,17,359,355,19,358,352,21,363,352,23,521,425,24,499,421,25,556,480,26,460,446
1694142411.5647578,0,460,263,1,466,255,2,468,255,3,470,255,4,465,254,5,466,254,6,468,254,7,484,259,8,482,257,9,466,274,10,465,274,11,501,307,12,490,309,13,445,350,15,374,355,17,358,353,19,358,350,21,363,350,23,522,424,24,499,420,25,551,477,26,460,436
1694142411.614758,0,460,263,1,466,255,2,468,255,3,470,255,4,465,254,5,466,254,6,468,254,7,484,259,8,482,257,9,466,274,10,465,274,11,501,307,12,490,307,13,445,350,15,372,356,17,358,353,19,358,350,21,363,350,23,522,423,24,500,420,25,548,475,26,461,431
1694142411.664758,0,461,263,1,467,254,2,469,255,3,471,255,4,466,254,5,467,254,6,468,254,7,484,259,8,482,257,9,467,273,10,465,273,11,499,307,12,494,304,13,441,347,15,372,348,17,357,348,19,357,345,21,362,346,23,521,423,24,506,416,25,547,484,26,478,454
1694142411.714758,0,461,262,1,468,254,2,470,254,3,472,255,4,467,254,5,468,254,6,469,253,7,484,259,8,482,257,9,467,273,10,465,273,11,498,307,12,495,303,13,440,346,15,370,349,17,356,347,19,356,344,21,361,344,23,520,423,24,507,415,25,549,486,26,479,457
1694142411.7647579,0,463,262,1,470,254,2,472,254,3,474,254,4,469,253,5,470,253,6,471,253,7,486,258,8,484,256,9,468,272,10,466,272,11,499,307,12,496,303,13,436,333,15,370,333,17,356,333,19,355,330,21,359,330,23,522,423,24,507,415,25,555,489,26,468,460
1694142411.8147578,0,464,262,1,471,254,2,473,254,3,475,254,4,470,253,5,471,253,6,472,252,7,488,258,8,485,256,9,469,272,10,467,272,11,499,307,12,495,304,13,435,330,15,371,330,17,356,329,19,355,326,21,359,327,23,523,423,24,506,415,25,558,490,26,462,462
1694142411.864758,0,466,262,1,473,252,2,475,252,3,477,252,4,472,252,5,472,251,6,473,251,7,490,258,8,486,255,9,471,272,10,468,272,11,506,305,12,487,305,13,437,318,15,371,312,17,356,312,19,354,307,21,359,308,23,529,419,24,500,415,25,565,490,26,454,459
1694142411.914758,0,466,262,1,474,251,2,476,251,3,478,252,4,472,251,5,473,250,6,474,250,7,491,257,8,487,255,9,471,272,10,469,272,11,508,304,12,484,305,13,437,317,15,371,310,17,355,309,19,354,305,21,359,305,23,530,417,24,498,415,25,567,489,26,452,458
1694142411.964758,0,466,263,1,474,251,2,476,251,3,478,252,4,472,251,5,473,250,6,474,250,7,492,257,8,488,255,9,472,272,10,469,272,11,509,303,12,486,305,13,438,312,15,371,296,17,356,292,19,354,287,21,359,289,23,531,414,24,498,412,25,563,489,26,457,462
1694142412.0147579,0,467,264,1,475,252,2,477,252,3,479,252,4,473,252,5,474,251,6,475,251,7,493,257,8,489,255,9,473,273,10,471,273,11,510,302,12,486,305,13,438,308,15,371,295,17,356,290,19,354,285,21,359,287,23,532,414,24,499,412,25,564,488,26,464,468
1694142412.0647578,0,469,263,1,476,252,2,478,252,3,480,252,4,475,252,5,475,251,6,476,251,7,494,256,8,490,255,9,475,272,10,472,272,11,509,300,12,489,301,13,439,298,15,372,279,17,358,275,19,357,269,21,362,270,23,531,412,24,503,410,25,560,488,26,477,477
1694142412.114758,0,469,262,1,476,251,2,478,251,3,480,251,4,475,251,5,476,250,6,477,250,7,494,256,8,490,254,9,475,270,10,472,270,11,509,299,12,496,301,13,439,295,15,373,276,17,360,273,19,359,267,21,363,269,23,530,413,24,507,411,25,548,486,26,475,470
1694142412.164758,0,471,261,1,477,251,2,479,251,3,481,251,4,476,251,5,477,250,6,478,250,7,494,255,8,491,254,9,476,269,10,474,269,11,509,299,12,504,301,13,438,288,15,375,263,17,362,256,19,362,251,21,366,253,23,522,414,24,514,412,25,514,483,26,504,478
1694142412.214758,0,472,261,1,478,251,2,479,251,3,481,251,4,477,251,5,477,250,6,478,250,7,495,255,8,492,253,9,477,269,10,475,268,11,509,298,12,508,301,13,437,286,15,376,261,17,363,255,19,363,250,21,367,252,23,519,414,24,517,413,25,492,481,26,509,481
1694142412.2647579,0,474,259,1,479,251,2,481,251,3,483,251,4,478,251,5,479,250,6,480,250,7,496,254,8,493,253,9,478,267,10,477,267,11,510,296,12,507,301,13,438,281,15,379,251,17,365,244,19,365,238,21,370,241,23,519,414,24,516,413,25,491,486,26,508,483
1694142412.3147578,0,474,259,1,480,251,2,482,251,3,483,251,4,479,251,5,479,250,6,480,250,7,497,254,8,494,253,9,479,267,10,477,267,11,510,296,12,507,301,13,438,280,15,381,250,17,366,243,19,367,237,21,372,240,23,519,415,24,516,414,25,495,486,26,513,483
1694142412.364758,0,475,259,1,481,251,2,482,251,3,484,251,4,480,250,5,481,250,6,482,250,7,497,254,8,495,253,9,480,267,10,479,266,11,509,295,12,512,301,13,439,277,15,382,244,17,367,237,19,368,231,21,373,234,23,516,416,24,520,414,25,457,496,26,518,485
1694142412.414758,0,475,259,1,481,251,2,482,251,3,484,251,4,480,250,5,481,250,6,482,250,7,497,254,8,495,253,9,480,267,10,479,267,11,509,296,12,513,302,13,439,278,15,383,243,17,368,235,19,369,230,21,374,233,23,515,420,24,519,417,25,454,499,26,513,486
1694142412.464758,0,475,259,1,481,251,2,482,251,3,484,251,4,480,250,5,481,250,6,482,250,7,497,254,8,495,253,9,480,267,10,479,267,11,509,296,12,512,302,13,439,277,15,384,241,17,369,234,19,370,229,21,375,232,23,515,420,24,518,417,25,478,497,26,515,486
1694142412.5147579,0,475,259,1,481,251,2,482,251,3,484,251,4,480,250,5,481,250,6,482,250,7,497,254,8,495,253,9,480,267,10,479,267,11,510,296,12,512,303,13,440,276,15,385,241,17,369,233,19,370,228,21,376,231,23,515,420,24,518,417,25,480,495,26,519,485
1694142412.5647578,0,475,259,1,481,251,2,482,250,3,484,250,4,480,250,5,481,250,6,482,250,7,497,254,8,495,253,9,480,267,10,479,267,11,509,296,12,512,302,13,440,275,15,385,240,17,370,233,19,370,228,21,376,230,23,513,420,24,519,417,25,477,494,26,517,484
1694142412.614758,0,475,259,1,481,250,2,482,250,3,484,250,4,480,250,5,481,250,6,483,250,7,497,254,8,495,253,9,480,267,10,479,266,11,507,296,12,513,301,13,440,275,15,385,239,17,369,232,19,370,227,21,376,230,23,512,420,24,520,417,25,484,491,26,520,483
1694142412.664758,0,476,259,1,481,250,2,483,250,3,484,250,4,481,250,5,482,250,6,483,249,7,497,254,8,495,253,9,480,266,10,480,266,11,507,296,12,513,300,13,440,274,15,385,239,17,369,232,19,370,227,21,375,230,23,512,420,24,520,417,25,487,491,26,520,483
1694142412.714758,0,476,259,1,482,250,2,483,250,3,485,250,4,481,250,5,482,250,6,483,249,7,497,254,8,495,253,9,481,266,10,480,266,11,509,296,12,512,300,13,440,274,15,385,239,17,369,232,19,370,227,21,376,230,23,512,421,24,517,417,25,489,491,26,513,481
1694142412.7647579,0,476,258,1,482,250,2,483,250,3,485,250,4,481,250,5,482,249,6,483,249,7,497,253,8,495,253,9,481,266,10,480,265,11,510,296,12,510,300,13,440,274,15,385,239,17,369,232,19,370,227,21,376,230,23,514,420,24,512,417,25,521,489,26,505,481
1694142412.8147578,0,476,258,1,482,250,2,483,250,3,485,250,4,481,249,5,482,249,6,483,249,7,497,253,8,495,252,9,481,265,10,480,265,11,511,296,12,509,301,13,440,274,15,385,239,17,369,232,19,370,227,21,375,230,23,516,419,24,510,416,25,528,487,26,504,482
1694142412.864758,0,476,258,1,482,249,2,483,249,3,485,249,4,481,249,5,482,249,6,484,249,7,497,253,8,495,252,9,481,265,10,480,265,11,511,295,12,509,299,13,440,274,15,385,239,17,369,232,19,370,227,21,375,230,23,516,418,24,511,416,25,527,487,26,504,484
1694142412.914758,0,476,258,1,482,249,2,483,249,3,485,249,4,481,249,5,482,249,6,484,248,7,497,253,8,495,252,9,481,265,10,480,265,11,511,295,12,509,298,13,439,274,15,385,239,17,369,232,19,370,227,21,375,230,23,516,417,24,511,415,25,527,489,26,504,485
1694142412.964758,0,476,257,1,482,249,2,483,249,3,485,249,4,481,249,5,482,248,6,484,248,7,497,252,8,495,252,9,481,265,10,481,264,11,510,295,12,509,298,13,439,274,15,385,239,17,369,232,19,370,227,21,375,230,23,517,417,24,511,415,25,527,489,26,504,485
1694142413.0147579,0,476,257,1,482,249,2,483,249,3,485,249,4,481,248,5,483,248,6,484,248,7,497,252,8,495,251,9,481,264,10,481,264,11,510,295,12,509,298,13,439,274,15,385,239,17,369,232,19,370,227,21,375,229,23,517,417,24,511,415,25,526,490,26,504,485
1694142413.0647578,0,476,257,1,482,248,2,483,248,3,485,248,4,481,248,5,483,248,6,484,248,7,497,252,8,495,251,9,481,264,10,481,264,11,510,294,12,509,297,13,439,273,15,385,239,17,369,231,19,370,227,21,376,229,23,517,415,24,511,414,25,526,490,26,508,486
1694142413.114758,0,476,257,1,482,248,2,483,248,3,485,248,4,481,248,5,483,248,6,484,247,7,497,252,8,495,251,9,481,264,10,481,264,11,510,294,12,509,296,13,439,273,15,385,239,17,369,231,19,370,227,21,376,229,23,518,414,24,511,413,25,529,489,26,508,486
1694142413.164758,0,477,256,1,482,248,2,483,248,3,485,248,4,482,248,5,483,248,6,484,247,7,497,252,8,495,251,9,481,264,10,481,263,11,510,294,12,509,294,13,439,273,15,385,238,17,369,231,19,370,226,21,376,229,23,519,413,24,511,412,25,530,489,26,494,484
1694142413.214758,0,476,256,1,482,248,2,483,248,3,485,248,4,482,248,5,483,248,6,484,247,7,497,252,8,495,251,9,481,264,10,481,263,11,510,294,12,509,294,13,439,273,15,386,238,17,370,231,19,370,226,21,376,229,23,519,413,24,511,412,25,530,488,26,495,483
1694142413.2647579,0,476,256,1,481,248,2,483,248,3,484,248,4,481,248,5,482,247,6,484,247,7,496,252,8,495,251,9,481,264,10,481,263,11,508,294,12,509,294,13,439,273,15,386,238,17,370,231,19,370,226,21,376,229,23,518,412,24,512,410,25,521,488,26,497,482
1694142413.3147578,0,475,257,1,481,249,2,482,249,3,483,249,4,481,248,5,482,248,6,483,248,7,495,252,8,495,251,9,480,264,10,480,264,11,507,294,12,509,294,13,441,273,15,386,238,17,370,231,19,371,226,21,376,229,23,517,412,24,513,410,25,513,488,26,506,482
1694142413.364758,0,474,258,1,479,250,2,481,249,3,482,249,4,479,249,5,481,249,6,482,249,7,495,252,8,494,252,9,479,266,10,479,266,11,507,294,12,509,295,13,441,277,15,385,247,17,369,239,19,369,234,21,374,237,23,517,413,24,513,411,25,517,488,26,504,481
1694142413.414758,0,473,258,1,478,250,2,480,250,3,481,250,4,479,250,5,480,250,6,482,249,7,494,253,8,494,252,9,478,267,10,479,266,11,507,294,12,510,295,13,442,279,15,385,250,17,368,241,19,368,236,21,374,239,23,517,413,24,513,411,25,520,487,26,504,480
1694142413.464758,0,471,261,1,476,252,2,478,252,3,480,252,4,476,252,5,478,252,6,479,252,7,493,254,8,492,254,9,477,269,10,477,270,11,509,296,12,504,299,13,440,295,15,382,272,17,365,269,19,364,263,21,369,264,23,523,416,24,510,412,25,535,490,26,482,479
1694142413.5147579,0,470,262,1,475,253,2,477,253,3,479,253,4,475,253,5,476,253,6,478,253,7,492,255,8,491,254,9,476,271,10,476,271,11,510,297,12,503,299,13,439,299,15,380,275,17,364,272,19,363,266,21,368,267,23,526,418,24,510,412,25,539,491,26,479,479
1694142413.5647578,0,468,264,1,474,255,2,476,255,3,478,254,4,473,255,5,474,254,6,475,254,7,492,257,8,489,256,9,475,273,10,473,273,11,510,302,12,502,305,13,439,313,15,379,307,17,361,306,19,359,301,21,364,303,23,525,426,24,509,420,25,510,443,26,467,448
1694142413.614758,0,467,264,1,473,255,2,475,255,3,477,254,4,472,255,5,473,254,6,475,254,7,490,257,8,489,257,9,473,273,10,472,273,11,507,306,12,502,308,13,440,321,15,377,310,17,360,308,19,359,303,21,364,304,23,521,433,24,509,429,25,487,445,26,474,458
1694142413.664758,0,467,266,1,472,256,2,474,256,3,475,256,4,472,256,5,473,256,6,474,256,7,489,259,8,489,258,9,473,274,10,472,275,11,504,307,12,506,307,13,444,335,15,377,335,17,361,341,19,360,339,21,365,339,23,521,432,24,512,427,25,498,441,26,476,433
1694142413.714758,0,466,265,1,471,256,2,472,256,3,474,256,4,471,256,5,472,256,6,474,255,7,488,259,8,488,257,9,471,274,10,471,274,11,503,306,12,506,306,13,447,339,15,377,336,17,361,342,19,360,341,21,365,341,23,521,430,24,513,425,25,503,447,26,479,444
1694142413.7647579,0,464,265,1,470,256,2,471,256,3,473,256,4,469,256,5,471,256,6,472,255,7,488,260,8,487,258,9,470,274,10,469,275,11,503,308,12,499,309,13,452,342,15,381,348,17,365,353,19,362,350,21,368,350,23,524,430,24,510,426,25,528,447,26,479,447
1694142413.8147578,0,463,265,1,468,256,2,470,256,3,472,256,4,468,256,5,469,256,6,471,255,7,487,260,8,486,258,9,469,275,10,468,275,11,503,307,12,497,311,13,452,341,15,382,349,17,366,354,19,363,351,21,369,351,23,523,430,24,510,426,25,517,441,26,479,436
1694142413.864758,0,463,266,1,468,256,2,470,256,3,471,256,4,468,256,5,469,256,6,471,255,7,487,260,8,486,258,9,469,275,10,468,276,11,504,307,12,498,310,13,454,349,15,382,344,17,366,349,19,364,347,21,369,347,23,523,429,24,511,426,25,505,420,26,479,418
1694142413.914758,0,463,265,1,468,256,2,470,256,3,471,256,4,468,255,5,469,255,6,471,255,7,487,260,8,486,258,9,469,275,10,468,275,11,504,307,12,499,309,13,453,346,15,382,342,17,366,345,19,364,343,21,369,344,23,523,429,24,512,423,25,499,423,26,480,414
1694142413.964758,0,464,264,1,468,255,2,470,255,3,472,255,4,468,255,5,469,254,6,471,254,7,487,260,8,486,258,9,469,275,10,469,275,11,504,306,12,499,308,13,452,344,15,382,341,17,366,344,19,365,343,21,369,343,23,524,427,24,512,421,25,509,433,26,476,417
1694142414.0147579,0,464,263,1,468,254,2,470,254,3,472,255,4,468,254,5,470,254,6,471,254,7,487,259,8,486,257,9,470,274,10,469,274,11,504,306,12,499,308,13,452,343,15,382,341,17,366,344,19,365,342,21,369,343,23,525,426,24,512,420,25,515,435,26,470,415
1694142414.0647578,0,464,261,1,470,253,2,472,254,3,474,254,4,470,253,5,471,253,6,473,253,7,488,259,8,487,256,9,470,272,10,469,272,11,505,306,12,498,308,13,456,346,15,384,344,17,369,347,19,368,344,21,372,345,23,526,426,24,510,421,25,523,443,26,472,420
1694142414.114758,0,467,260,1,474,252,2,476,252,3,477,252,4,473,252,5,474,251,6,475,251,7,491,257,8,489,255,9,474,271,10,471,270,11,513,306,12,501,306,13,470,361,15,398,360,17,380,363,19,378,360,21,383,359,23,534,426,24,509,422,25,568,481,26,464,460
1694142414.164758,0,469,259,1,475,251,2,477,251,3,479,252,4,474,251,5,475,251,6,476,250,7,492,256,8,490,254,9,475,270,10,472,269,11,513,306,12,503,303,13,471,364,15,397,363,17,381,366,19,379,363,21,384,362,23,534,426,24,509,422,25,572,484,26,467,456
1694142414.214758,0,469,259,1,476,251,2,478,251,3,480,251,4,475,250,5,476,250,6,477,250,7,493,256,8,490,254,9,476,269,10,473,269,11,513,306,12,505,303,13,471,364,15,397,363,17,381,367,19,380,364,21,384,363,23,533,427,24,510,424,25,559,479,26,483,451
1694142414.2647579,0,470,258,1,478,250,2,479,250,3,481,251,4,477,250,5,478,250,6,479,249,7,494,256,8,492,253,9,476,269,10,474,268,11,513,309,12,507,303,13,480,378,15,410,394,17,394,397,19,392,395,21,397,395,23,532,428,24,510,424,25,568,487,26,478,476
1694142414.3147578,0,470,259,1,477,250,2,479,251,3,481,251,4,476,250,5,478,250,6,479,250,7,494,256,8,492,253,9,477,270,10,474,270,11,515,313,12,510,304,13,494,394,15,440,434,17,427,448,19,421,445,21,426,439,23,526,439,24,516,426,25,484,498,26,480,469
1694142414.364758,0,470,259,1,477,250,2,479,251,3,481,251,4,476,250,5,478,250,6,479,250,7,495,256,8,492,253,9,477,271,10,475,271,11,516,314,12,512,304,13,497,396,15,443,436,17,431,450,19,425,446,21,429,441,23,526,441,24,518,429,25,486,507,26,487,482
1694142414.414758,0,470,260,1,477,251,2,479,251,3,481,251,4,476,251,5,478,250,6,479,250,7,495,256,8,493,254,9,477,272,10,475,272,11,517,315,12,511,305,13,496,397,15,442,435,17,431,449,19,424,444,21,429,440,23,525,443,24,517,431,25,496,512,26,490,489
1694142414.464758,0,469,262,1,476,252,2,478,252,3,480,252,4,475,251,5,476,251,6,478,251,7,494,257,8,492,255,9,476,274,10,475,274,11,519,316,12,511,309,13,497,400,15,444,460,17,437,480,19,430,476,21,431,469,23,522,449,24,509,437,25,461,526,26,465,496
1694142414.5147579,0,468,269,1,474,258,2,476,258,3,478,258,4,473,258,5,474,258,6,475,257,7,493,260,8,491,259,9,476,280,10,475,280,11,525,320,12,507,313,13,500,405,15,453,462,17,447,484,19,437,478,21,438,471,23,523,456,24,500,440,25,441,517
1694142414.5647578,0,468,272,1,473,261,2,475,261,3,477,260,4,472,261,5,473,261,6,474,260,7,493,262,8,491,261,9,476,282,10,475,283,11,526,320,12,505,314,13,496,407,15,455,464,17,450,484,19,440,478,21,441,471,23,522,458,24,497,442,25,442,522
1694142414.614758,0,467,272,1,472,261,2,475,261,3,477,260,4,471,261,5,472,260,6,474,260,7,493,263,8,491,262,9,476,283,10,475,283,11,527,319,12,504,314,13,501,403,15,457,464,17,451,484,19,441,478,21,442,471,23,521,456,24,493,442,25,438,521
1694142414.664758,0,467,272,1,473,260,2,475,260,3,477,260,4,471,260,5,472,260,6,474,259,7,493,262,8,491,261,9,476,282,10,475,282,11,526,319,12,504,313,13,501,403,15,457,464,17,451,485,19,440,478,21,441,471,23,519,458,24,492,443,25,438,518
1694142414.714758,0,467,271,1,473,260,2,475,260,3,477,260,4,471,260,5,472,259,6,473,259,7,493,262,8,490,261,9,476,281,10,474,281,11,526,318,12,502,313,13,500,402,15,456,465,17,450,486,19,439,480,21,441,472,23,519,457,24,491,442,25,440,519
1694142414.7647579,0,467,271,1,472,259,2,475,259,3,477,259,4,471,259,5,472,259,6,473,259,7,493,262,8,490,261,9,476,281,10,473,281,11,525,318,12,502,313,13,500,403,15,455,465,17,449,486,19,438,479,21,440,472,23,519,457,24,492,442,25,440,520
1694142414.8147578,0,467,270,1,472,259,2,475,259,3,477,259,4,471,259,5,472,259,6,473,258,7,493,262,8,489,261,9,476,281,10,473,281,11,525,318,12,502,313,13,500,404,15,455,466,17,449,487,19,438,480,21,440,473,23,520,457,24,492,442,25,440,521
1694142414.864758,0,466,270,1,472,259,2,475,259,3,477,259,4,471,259,5,472,259,6,473,258,7,493,262,8,489,261,9,475,281,10,473,281,11,525,317,12,502,311,13,501,402,15,455,464,17,449,486,19,438,479,21,440,471,23,519,456,24,493,442,25,440,520
1694142414.914758,0,467,270,1,472,259,2,475,259,3,477,259,4,471,259,5,472,258,6,473,258,7,493,262,8,490,260,9,475,281,10,473,280,11,525,317,12,503,311,13,503,401,15,455,465,17,449,486,19,438,479,21,440,472,23,521,457,24,493,442,25,441,520
1694142414.964758,0,467,270,1,472,259,2,475,259,3,477,259,4,471,259,5,472,258,6,473,258,7,493,262,8,490,260,9,475,281,10,473,280,11,525,317,12,503,311,13,504,401,15,456,465,17,449,486,19,438,480,21,440,472,23,522,458,24,493,442,25,441,521
1694142415.0147579,0,467,270,1,473,259,2,475,259,3,477,259,4,471,259,5,472,258,6,473,258,7,493,261,8,490,260,9,475,280,10,473,280,11,525,317,12,504,311,13,504,401,15,456,466,17,449,487,19,439,480,21,440,472,23,523,458,24,494,443,25,440,521
1694142415.0647578,0,467,270,1,473,259,2,475,259,3,478,259,4,471,259,5,472,258,6,473,258,7,493,261,8,490,260,9,475,280,10,473,280,11,525,317,12,504,311,13,504,401,15,456,465,17,450,487,19,439,480,21,440,472,23,523,458,24,496,442,25,441,522
1694142415.114758,0,467,270,1,473,259,2,475,259,3,477,259,4,471,258,5,472,258,6,473,258,7,493,261,8,490,260,9,475,280,10,473,280,11,525,317,12,504,311,13,504,403,15,456,466,17,450,487,19,439,481,21,440,473,23,524,459,24,496,443,25,442,522
1694142415.164758,0,467,270,1,473,259,2,475,259,3,477,259,4,471,259,5,472,258,6,473,258,7,493,261,8,490,260,9,475,280,10,473,280,11,525,317,12,505,311,13,504,403,15,456,466,17,450,487,19,439,481,21,440,473,23,524,459,24,496,444,25,442,522
1694142415.214758,0,467,270,1,473,259,2,475,259,3,477,259,4,471,259,5,472,258,6,473,258,7,493,261,8,490,260,9,475,280,10,473,280,11,525,317,12,505,311,13,503,403,15,456,467,17,450,487,19,439,481,21,440,474,23,524,459,24,497,444,25,442,522
1694142415.2647579,0,467,270,1,473,259,2,475,259,3,477,259,4,471,259,5,472,259,6,473,258,7,493,261,8,490,260,9,476,281,10,473,281,11,526,317,12,506,311,13,504,403,15,456,467,17,450,488,19,439,482,21,441,475,23,525,459,24,500,444,25,442,521
1694142415.3147578,0,467,273,1,472,262,2,474,261,3,477,261,4,470,261,5,471,261,6,472,261,7,492,262,8,489,262,9,476,283,10,473,283,11,527,317,12,505,312,13,505,403,15,457,468,17,450,489,19,440,483,21,441,476,23,526,459,24,500,444,25,442,521
1694142415.364758,0,467,274,1,472,263,2,474,263,3,476,262,4,470,263,5,471,262,6,471,262,7,492,263,8,489,263,9,476,285,10,473,285,11,527,317,12,505,312,13,505,404,15,458,469,17,451,489,19,440,484,21,442,476,23,526,459,24,501,444,25,442,521
1694142415.414758,0,467,275,1,472,263,2,474,263,3,476,263,4,470,263,5,470,263,6,471,262,7,492,264,8,488,263,9,476,285,10,473,285,11,527,318,12,505,312,13,505,404,15,458,469,17,451,489,19,440,484,21,442,477,23,526,460,24,501,445,25,443,521
1694142415.464758,0,466,277,1,470,266,2,473,266,3,475,266,4,468,266,5,468,266,6,469,266,7,491,265,8,486,265,9,476,287,10,473,287,11,528,318,12,502,312,13,506,404,15,458,470,17,451,490,19,441,485,21,442,477,23,527,460,24,501,445,25,443,520
1694142415.5147579,0,463,278,1,467,267,2,469,267,3,472,266,4,465,267,5,465,267,6,466,266,7,487,266,8,483,266,9,473,288,10,471,288,11,529,318,12,500,313,13,505,404,15,458,469,17,451,490,19,441,485,21,442,477,23,528,461,24,500,446,25,442,520
1694142415.5647578,0,461,278,1,465,267,2,467,267,3,470,266,4,463,267,5,464,267,6,465,267,7,486,267,8,481,267,9,472,288,10,469,289,11,529,319,12,498,314,13,505,404,15,458,469,17,451,490,19,441,485,21,442,477,23,528,461,24,498,446,25,441,520
1694142415.614758,0,461,278,1,465,267,2,467,267,3,469,267,4,462,267,5,463,267,6,464,267,7,485,267,8,481,267,9,471,288,10,468,289,11,529,319,12,497,314,13,505,404,15,458,469,17,451,490,19,441,485,21,442,477,23,528,461,24,497,446,25,440,519
1694142415.664758,0,460,278,1,464,267,2,466,267,3,469,267,4,462,267,5,462,267,6,463,267,7,484,267,8,480,267,9,470,288,10,468,289,11,526,318,12,497,313,13,503,404,15,458,471,17,451,492,19,440,486,21,442,479,23,528,461,24,497,446,25,440,519
1694142415.714758,0,460,278,1,464,267,2,467,267,3,469,266,4,462,267,5,463,267,6,464,266,7,485,266,8,481,266,9,470,288,10,468,288,11,525,319,12,497,312,13,499,401,15,456,471,17,450,491,19,440,486,21,442,479,23,526,460,24,496,444,25,440,519
1694142415.7647579,0,461,278,1,465,267,2,467,267,3,469,266,4,463,267,5,463,266,6,464,266,7,485,266,8,481,266,9,470,287,10,468,288,11,524,319,12,497,311,13,498,400,15,455,471,17,449,491,19,439,486,21,441,478,23,526,459,24,494,443,25,440,520
1694142415.8147578,0,461,277,1,465,267,2,467,266,3,469,266,4,463,266,5,463,266,6,464,266,7,485,266,8,481,266,9,470,287,10,468,288,11,523,319,12,497,311,13,497,400,15,454,470,17,448,491,19,439,486,21,440,478,23,525,458,24,494,443,25,440,520
1694142415.864758,0,461,275,1,465,264,2,467,264,3,470,264,4,463,264,5,463,264,6,464,264,7,486,264,8,481,264,9,471,286,10,468,286,11,523,319,12,497,311,13,498,401,15,454,471,17,448,491,19,439,486,21,440,478,23,524,459,24,493,444,25,440,520
1694142415.914758,0,464,275,1,470,263,2,472,263,3,475,263,4,468,263,5,468,263,6,469,262,7,490,264,8,485,264,9,473,285,10,470,285,11,526,320,12,497,312,13,499,401,15,454,470,17,449,491,19,439,486,21,440,478,23,527,459,24,496,445,25,440,520
1694142415.964758,0,466,274,1,472,262,2,474,262,3,477,262,4,470,262,5,470,262,6,471,262,7,491,264,8,487,264,9,475,285,10,472,284,11,529,320,12,497,313,13,500,401,15,454,470,17,449,491,19,439,486,21,440,478,23,530,459,24,498,445,25,441,520
1694142416.0147579,0,467,274,1,472,262,2,475,262,3,477,262,4,470,262,5,471,262,6,472,261,7,492,264,8,488,263,9,475,284,10,472,284,11,529,320,12,497,313,13,500,401,15,455,470,17,449,491,19,439,486,21,441,478,23,530,459,24,498,445,25,441,518
1694142416.0647578,0,469,269,1,476,258,2,478,258,3,480,258,4,474,258,5,474,258,6,476,257,7,494,262,8,491,261,9,477,280,10,474,280,11,529,320,12,501,313,13,502,403,15,456,470,17,450,491,19,440,486,21,442,478,23,531,459,24,500,445,25,439,518
1694142416.114758,0,473,269,1,479,258,2,481,258,3,484,258,4,478,258,5,478,258,6,479,258,7,498,262,8,495,260,9,481,280,10,478,280,11,533,320,12,505,313,13,508,404,15,459,470,17,452,491,19,441,486,21,443,478,23,531,460,24,501,445,25,439,519
1694142416.164758,0,476,269,1,482,258,2,484,258,3,487,258,4,480,258,5,481,258,6,482,257,7,501,261,8,496,260,9,484,280,10,481,280,11,534,321,12,508,313,13,509,405,15,460,470,17,452,491,19,442,486,21,444,478,23,531,461,24,502,445,25,439,519
1694142416.214758,0,476,268,1,483,257,2,485,257,3,487,257,4,481,257,5,481,257,6,482,257,7,501,261,8,497,260,9,485,279,10,481,279,11,535,322,12,509,313,13,510,406,15,461,470,17,453,491,19,442,486,21,444,478,23,531,461,24,502,446,25,439,525
1694142416.2647579,0,479,268,1,484,258,2,487,258,3,489,258,4,483,257,5,483,257,6,484,257,7,503,261,8,499,260,9,488,279,10,484,279,11,540,321,12,513,312,13,518,406,15,465,470,17,456,491,19,446,485,21,448,478,23,531,461,24,504,446,25,440,527
1694142416.3147578,0,481,270,1,487,260,2,489,259,3,491,259,4,485,259,5,485,259,6,486,259,7,506,261,8,502,260,9,492,281,10,488,280,11,546,321,12,517,312,13,523,406,15,472,469,17,461,489,19,452,483,21,453,476,23,531,460,24,504,443,25,439,519
1694142416.364758,0,482,271,1,487,261,2,490,261,3,492,260,4,485,261,5,486,261,6,487,260,7,508,261,8,504,260,9,492,282,10,489,281,11,548,321,12,518,312,13,525,406,15,473,469,17,462,489,19,452,481,21,454,474,23,531,460,24,504,443,25,440,522
1694142416.414758,0,485,272,1,490,261,2,492,261,3,494,260,4,488,261,5,489,261,6,489,260,7,511,261,8,507,260,9,495,282,10,492,282,11,550,321,12,522,312,13,528,407,15,474,469,17,464,488,19,454,481,21,455,474,23,531,462,24,506,446,25,440,531
1694142416.464758,0,487,272,1,492,261,2,494,261,3,497,260,4,489,262,5,490,261,6,490,261,7,513,261,8,507,261,9,498,283,10,494,282,11,554,320,12,523,310,13,530,407,15,475,469,17,465,488,19,454,480,21,456,474,23,531,462,24,507,446,25,440,538
1694142416.5147579,0,492,272,1,497,261,2,499,261,3,502,260,4,494,262,5,494,261,6,495,261,7,517,261,8,511,260,9,503,282,10,499,282,11,556,319,12,525,310,13,532,407,15,475,469,17,465,487,19,455,479,21,457,473,23,531,463,24,507,447,25,440,539
1694142416.5647578,0,493,272,1,498,261,2,500,260,3,503,260,4,495,261,5,496,261,6,496,261,7,519,260,8,512,260,9,503,282,10,499,282,11,555,319,12,526,310,13,532,407,15,476,469,17,465,486,19,455,478,21,457,472,23,531,463,24,507,447,25,439,539
1694142416.614758,0,493,271,1,498,261,2,500,260,3,502,260,4,496,261,5,496,261,6,497,260,7,518,260,8,513,260,9,503,282,10,500,282,11,555,319,12,526,310,13,531,408,15,476,468,17,466,486,19,456,478,21,457,472,23,529,463,24,507,447,25,439,530
1694142416.664758,0,496,270,1,502,259,2,504,259,3,507,259,4,500,260,5,500,259,6,501,259,7,523,260,8,517,259,9,505,281,10,502,281,11,557,319,12,528,310,13,531,408,15,477,468,17,467,486,19,456,477,21,458,471,23,530,463,24,508,447,25,439,521
1694142416.714758,0,500,268,1,506,258,2,508,258,3,510,257,4,503,258,5,504,257,6,505,257,7,526,259,8,521,258,9,508,279,10,505,279,11,559,319,12,530,310,13,533,408,15,477,467,16,460,432,17,467,485,19,457,476,21,459,470,22,449,441,23,530,464,24,508,447,25,438,521
1694142416.7647579,0,501,268,1,507,257,2,509,257,3,512,257,4,505,257,5,505,257,6,506,257,7,527,259,8,522,258,9,509,279,10,506,279,11,560,319,12,531,310,13,534,408,15,478,467,16,461,432,17,468,485,19,458,476,20,442,444,21,459,470,22,449,442,23,531,464,24,509,446,25,438,518
1694142416.8147578,0,503,267,1,509,257,2,511,257,3,514,256,4,507,257,5,507,257,6,508,256,7,529,258,8,524,258,9,512,278,10,508,278,11,560,319,12,532,310,13,534,408,15,478,467,16,461,432,17,469,485,19,458,476,20,443,444,21,460,470,22,449,442,23,531,464,24,510,446,25,438,518
1694142416.864758,0,504,267,1,509,257,2,512,257,3,514,256,4,507,257,5,508,257,6,508,256,7,530,258,8,525,258,9,512,278,10,509,278,11,562,318,12,533,310,13,536,408,15,480,467,16,463,432,17,471,485,18,446,444,19,461,476,20,444,444,21,462,470,22,450,441,23,533,464,24,511,446,25,437,515
1694142416.914758,0,505,267,1,510,257,2,513,257,3,515,256,4,508,257,5,509,257,6,509,256,7,531,258,8,526,258,9,513,278,10,510,278,11,562,317,12,534,309,13,537,408,15,481,466,16,465,433,17,473,485,18,447,444,19,463,476,20,446,443,21,464,470,22,452,441,23,535,464,24,513,445,25,436,512
1694142416.964758,0,505,267,1,510,257,2,513,256,3,515,256,4,508,257,5,509,257,6,510,256,7,531,258,8,526,258,9,513,278,10,510,278,11,562,316,12,535,309,13,537,408,15,481,466,16,465,433,17,472,485,18,447,444,19,463,477,20,446,444,21,464,470,22,453,441,23,536,463,24,514,444,25,436,512
1694142417.0147579,0,505,267,1,510,256,2,513,256,3,515,256,4,508,256,5,509,256,6,510,256,7,532,257,8,526,257,9,513,278,10,510,278,11,562,316,12,535,308,13,537,407,15,482,465,16,466,433,17,473,484,18,448,445,19,463,476,20,447,444,21,465,470,22,454,441,23,536,461,24,514,444,25,436,513
1694142417.0647578,0,505,267,1,510,256,2,513,256,3,516,256,4,508,256,5,508,256,6,509,256,7,532,257,8,525,258,9,513,278,10,510,278,11,561,316,12,534,308,13,536,405,15,482,465,16,469,433,17,473,484,18,453,445,19,463,476,20,453,443,21,465,470,22,458,441,23,535,461,24,513,444,25,437,513
1694142417.114758,0,505,266,1,510,255,2,513,255,3,516,255,4,507,256,5,508,256,6,508,256,7,532,257,8,525,258,9,514,278,10,510,278,11,561,316,12,534,308,13,536,404,15,481,465,16,470,434,17,473,484,19,463,476,20,454,443,21,465,470,22,460,441,23,535,461,24,512,444,25,437,513
1694142417.164758,0,505,266,1,510,255,2,513,255,3,516,255,4,507,255,5,507,256,6,508,256,7,532,257,8,524,258,9,514,278,10,510,278,11,561,315,12,534,308,13,536,403,15,481,464,16,471,434,17,474,484,19,463,476,20,455,443,21,465,470,22,461,441,23,535,461,24,512,444,25,438,513
1694142417.214758,0,504,265,1,510,254,2,513,254,3,516,254,4,506,255,5,506,255,6,505,255,7,532,257,8,520,258,9,514,278,10,509,277,11,561,318,12,530,309,13,533,405,15,481,466,16,466,433,17,473,485,19,463,479,20,452,443,21,465,472,22,459,441,23,535,463,24,509,444,25,442,515
1694142417.2647579,0,502,263,1,507,253,2,510,253,3,513,253,4,502,253,5,502,253,6,501,253,7,528,257,8,515,257,9,511,276,10,505,276,11,559,318,12,525,310,13,533,407,15,482,468,16,460,434,17,474,487,18,445,446,19,464,481,20,446,445,21,465,474,22,453,442,23,535,463,24,508,444,25,445,518
1694142417.3147578,0,499,262,1,505,253,2,508,253,3,511,253,4,500,253,5,500,253,6,499,253,7,526,257,8,513,257,9,509,276,10,503,276,11,558,318,12,523,311,13,533,408,15,482,469,16,459,434,17,474,487,18,443,447,19,464,482,20,444,446,21,465,475,22,451,443,23,534,464,24,508,445,25,445,519
1694142417.364758,0,499,263,1,504,253,2,507,253,3,511,253,4,500,253,5,499,253,6,498,253,7,526,257,8,512,257,9,509,276,10,502,276,11,557,318,12,523,311,13,532,408,15,482,469,16,458,434,17,474,488,18,442,447,19,464,482,20,443,447,21,465,475,22,450,443,23,534,464,24,508,445,25,444,520
1694142417.414758,0,495,263,1,501,252,2,504,252,3,507,252,4,496,253,5,496,253,6,495,253,7,521,256,8,509,256,9,505,276,10,500,276,11,553,317,12,522,310,13,527,407,15,480,469,16,458,434,17,473,488,18,441,447,19,462,482,20,442,447,21,464,475,22,450,443,23,532,461,24,506,442,25,444,518
1694142417.464758,0,492,263,1,498,252,2,501,252,3,504,252,4,492,253,5,491,253,6,490,253,7,519,256,8,503,257,9,503,276,10,496,276,11,551,317,12,518,310,13,524,405,15,480,469,16,457,434,17,472,488,18,441,447,19,461,482,20,442,448,21,462,475,22,449,443,23,532,460,24,505,440,25,443,518
1694142417.5147579,0,490,262,1,496,252,2,499,252,3,502,252,4,491,252,5,490,253,6,490,253,7,517,256,8,503,257,9,500,275,10,494,275,11,550,317,12,517,310,13,523,405,15,479,469,16,457,435,17,471,487,18,441,447,19,459,482,20,442,448,21,461,475,22,449,444,23,531,459,24,504,439,25,446,537
1694142417.5647578,0,489,262,1,495,252,2,498,252,3,501,252,4,491,253,5,490,253,6,490,253,7,516,257,8,503,257,9,499,275,10,493,275,11,550,318,12,517,311,13,523,405,15,479,469,16,457,435,17,470,487,18,441,448,19,459,482,20,442,449,21,461,475,22,448,444,23,531,460,24,504,440,25,444,537
1694142417.614758,0,487,262,1,493,252,2,496,252,3,499,252,4,488,253,5,488,253,6,487,253,7,514,257,8,501,257,9,497,275,10,490,275,11,549,318,12,512,311,13,521,403,15,478,467,16,457,436,17,469,485,18,443,449,19,458,478,20,444,450,21,459,471,22,449,445,23,531,457,24,503,439,25,444,525
1694142417.664758,0,484,262,1,491,252,2,494,252,3,497,252,4,486,253,5,485,253,6,485,253,7,512,258,8,497,258,9,494,276,10,487,275,11,546,317,12,508,311,13,520,401,15,478,465,16,457,436,17,468,483,18,443,450,19,457,475,20,444,451,21,459,469,22,449,446,23,531,455,24,502,438,25,444,520
1694142417.714758,0,483,263,1,489,253,2,492,253,3,496,253,4,485,254,5,484,254,6,483,254,7,510,258,8,496,259,9,493,276,10,486,276,11,544,317,12,509,312,13,519,401,15,478,464,16,458,437,17,468,482,18,444,450,19,457,474,20,444,451,21,459,468,22,450,446,23,531,455,24,502,438,25,441,519
