1694142277.4813476,0,515,253,1,520,248,2,522,248,3,524,247,4,518,248,5,519,248,6,520,248,7,541,253,8,537,252,9,521,259,10,519,259,11,561,308,12,550,300,13,561,388,15,509,421,17,496,431,19,491,428,21,498,422,23,582,413,24,572,398,25,521,436
1694142277.5313475,0,513,257,1,517,249,2,519,249,3,521,248,4,515,249,5,516,249,6,517,249,7,537,253,8,533,252,9,520,267,10,518,268,11,563,315,12,550,309,13,561,402,15,496,422,17,482,434,19,474,429,21,479,425,23,573,439,24,559,432,25,448,469
1694142277.5813475,0,511,260,1,516,250,2,518,250,3,520,249,4,514,250,5,515,250,6,516,250,7,536,253,8,533,252,9,520,271,10,518,272,11,567,316,12,551,311,13,562,403,15,492,423,17,477,436,19,470,430,21,474,425,23,568,451,24,556,442,25,443,473
1694142277.6313477,0,511,262,1,516,251,2,518,251,3,520,250,4,514,252,5,515,251,6,516,251,7,536,252,8,533,252,9,521,272,10,518,274,11,570,316,12,552,310,13,563,406,15,491,425,17,476,439,19,468,431,21,473,427,23,567,456,24,553,445,25,442,473
1694142277.6813476,0,509,262,1,513,252,2,515,251,3,517,250,4,511,252,5,512,252,6,514,251,7,534,252,8,532,252,9,519,273,10,517,274,11,569,317,12,552,310,13,559,406,15,489,434,17,474,447,19,466,438,21,471,435,23,564,463,24,550,450,25,444,471
1694142277.7313476,0,504,262,1,507,251,2,509,251,3,511,250,4,506,252,5,507,252,6,508,251,7,529,251,8,526,251,9,514,272,10,512,273,11,569,318,12,548,310,13,558,406,15,491,440,17,474,457,19,468,448,21,473,442,23,563,464,24,546,441,25,445,480
1694142277.7813475,0,503,262,1,507,252,2,508,251,3,511,250,4,505,252,5,506,252,6,507,251,7,528,251,8,525,251,9,514,272,10,512,273,11,568,317,12,547,309,13,557,407,15,492,441,17,474,458,19,468,449,21,473,443,23,563,463,24,545,440,25,443,480
1694142277.8313475,0,502,261,1,506,251,2,508,251,3,510,250,4,504,252,5,505,251,6,506,251,7,527,251,8,525,251,9,512,272,10,511,273,11,567,316,12,546,309,13,558,407,15,492,442,17,475,458,19,469,449,21,475,443,23,562,462,24,543,438,25,442,482
1694142277.8813477,0,499,261,1,503,251,2,505,251,3,507,250,4,502,252,5,502,251,6,504,251,7,525,251,8,523,251,9,511,273,10,509,274,11,564,316,12,546,309,13,553,408,15,480,441,17,462,455,19,456,448,21,461,442,23,561,464,24,544,443,25,442,480
1694142277.9313476,0,497,263,1,500,253,2,502,252,3,505,251,4,499,253,5,500,253,6,501,252,7,522,252,8,520,252,9,508,275,10,506,275,11,560,316,12,544,308,13,551,408,15,477,426,17,457,435,19,453,424,21,459,422,23,562,464,24,545,445,25,442,477,29,486,539,31,437,539
1694142277.9813476,0,497,263,1,500,253,2,502,252,3,504,251,4,498,253,5,499,253,6,500,252,7,522,252,8,519,252,9,507,274,10,505,275,11,558,316,12,543,308,13,550,409,15,476,422,17,456,431,19,452,420,21,458,417,23,562,465,24,545,447,25,442,476,27,466,539,29,487,539,31,434,539
1694142278.0313475,0,496,263,1,500,253,2,502,252,3,504,251,4,498,253,5,499,253,6,500,252,7,522,252,8,519,252,9,507,274,10,504,275,11,557,316,12,543,308,13,550,409,15,475,421,17,455,429,19,451,419,21,457,416,23,562,467,24,545,449,25,442,475,27,467,539,29,487,539,31,434,539
1694142278.0813475,0,496,264,1,499,253,2,501,253,3,503,252,4,498,254,5,499,254,6,500,253,7,521,253,8,518,253,9,507,275,10,504,276,11,556,316,12,542,308,13,547,409,15,469,419,17,450,426,19,446,416,21,452,413,23,562,465,24,546,446,25,441,475,27,466,539,29,487,539,31,432,539
1694142278.1313477,0,494,264,1,498,254,2,500,253,3,502,252,4,497,254,5,497,254,6,499,253,7,520,253,8,517,253,9,505,276,10,503,276,11,555,317,12,541,308,13,547,409,15,469,418,17,449,426,19,445,415,21,452,413,23,562,465,24,546,445,25,441,474,27,465,539,29,486,539,31,430,539
1694142278.1813476,0,494,266,1,497,254,2,499,254,3,501,253,4,496,255,5,497,254,6,498,254,7,519,254,8,517,253,9,504,277,10,502,277,11,554,317,12,541,308,13,546,410,15,469,418,17,448,426,19,444,416,21,451,413,23,562,465,24,547,445,25,441,474,27,464,539,29,486,539,31,431,539
1694142278.2313476,0,494,266,1,497,255,2,499,254,3,501,253,4,496,255,5,497,254,6,498,254,7,519,254,8,517,254,9,504,277,10,502,277,11,554,317,12,541,308,13,546,410,15,469,418,17,449,426,19,445,416,21,451,413,23,562,464,24,547,445,25,441,471,27,463,539,29,485,539,31,428,539
1694142278.2813475,0,493,266,1,496,254,2,498,254,3,500,253,4,495,255,5,496,254,6,497,254,7,518,254,8,516,254,9,503,277,10,501,277,11,554,318,12,539,308,13,545,409,15,470,422,17,450,434,19,445,424,21,450,421,23,562,464,24,546,444,25,442,471,27,462,539,29,484,539,31,429,539
1694142278.3313475,0,491,265,1,495,254,2,497,254,3,499,253,4,494,255,5,495,254,6,496,254,7,517,254,8,514,254,9,501,277,10,500,277,11,554,321,12,536,308,13,545,411,15,474,443,17,455,461,19,448,452,21,452,446,23,563,464,24,543,441,25,442,476,27,461,539,29,479,539,31,428,539
1694142278.3813477,0,491,265,1,494,254,2,496,254,3,498,253,4,493,255,5,494,254,6,495,254,7,516,254,8,513,254,9,501,277,10,499,277,11,554,321,12,535,308,13,545,413,15,476,447,17,457,465,19,450,456,21,453,449,23,563,465,24,543,441,25,443,478,27,462,539,29,478,539,31,428,539
1694142278.4313476,0,490,266,1,494,254,2,496,254,3,498,253,4,493,255,5,494,254,6,495,254,7,515,255,8,513,254,9,501,277,10,499,277,11,554,322,12,535,308,13,545,413,15,477,448,17,458,466,19,450,457,21,453,450,23,563,465,24,542,441,25,443,479,27,462,539,29,478,539,31,429,539
1694142278.4813476,0,489,266,1,493,255,2,494,254,3,497,254,4,491,255,5,492,254,6,494,254,7,514,255,8,512,254,9,500,277,10,498,277,11,555,322,12,534,308,13,545,414,15,477,447,17,458,465,19,451,455,21,453,448,23,563,466,24,542,441,25,443,479,27,462,539,29,479,539,31,429,539
1694142278.5313475,0,488,266,1,492,255,2,493,254,3,496,254,4,490,255,5,491,254,6,493,254,7,513,255,8,511,254,9,499,277,10,497,277,11,555,322,12,533,309,13,545,413,15,477,447,17,458,464,19,451,454,21,454,448,23,563,465,24,542,441,25,443,480,27,462,539,29,480,539,31,430,539
1694142278.5813475,0,488,266,1,491,255,2,493,255,3,495,254,4,490,255,5,491,255,6,492,254,7,513,255,8,510,254,9,499,277,10,497,277,11,555,321,12,533,309,13,545,413,15,477,447,17,459,464,19,451,454,21,454,447,23,563,465,24,542,441,25,443,480,27,462,539,29,479,539,31,429,539
1694142278.6313477,0,487,266,1,490,255,2,492,255,3,494,254,4,489,255,5,490,254,6,491,254,7,511,255,8,509,254,9,497,277,10,495,277,11,554,321,12,533,309,13,545,413,15,478,445,17,459,463,19,452,452,21,454,446,23,564,465,24,542,442,25,443,479,27,462,539,29,480,539,31,430,539
1694142278.6813476,0,487,266,1,490,255,2,492,255,3,494,254,4,489,255,5,490,254,6,491,254,7,512,255,8,509,254,9,497,277,10,495,277,11,554,321,12,533,309,13,545,413,15,478,445,17,460,463,19,452,452,21,455,445,23,564,465,24,543,442,25,443,479,27,463,539,29,481,539,31,432,539
1694142278.7313476,0,486,266,1,490,255,2,491,254,3,494,254,4,488,255,5,489,254,6,490,254,7,511,255,8,509,254,9,496,277,10,494,277,11,552,321,12,533,309,13,544,413,15,476,444,17,458,463,19,451,450,21,454,445,23,563,465,24,543,445,25,443,477,27,463,539,29,482,539,31,434,539
1694142278.7813475,0,486,266,1,489,255,2,491,254,3,493,254,4,488,255,5,489,254,6,490,254,7,511,255,8,509,255,9,496,277,10,494,277,11,551,321,12,533,310,13,544,413,15,475,443,17,457,463,19,451,450,21,454,444,23,563,465,24,544,446,25,443,475,27,464,539,29,483,539,31,434,539
1694142278.8313475,0,485,266,1,489,254,2,491,254,3,493,254,4,488,254,5,489,254,6,490,254,7,511,255,8,509,254,9,495,277,10,494,277,11,548,319,12,533,310,13,542,411,15,467,435,17,449,447,19,443,437,21,448,435,23,562,465,24,544,447,25,443,470,27,464,539,29,483,539,31,431,539
1694142278.8813477,0,485,266,1,489,254,2,491,254,3,493,254,4,488,254,5,489,254,6,490,254,7,510,255,8,509,254,9,495,277,10,493,277,11,547,319,12,533,311,13,542,409,15,464,433,17,447,442,19,441,433,21,446,432,23,562,465,24,545,449,25,443,468,27,464,539,29,484,539,31,431,539
1694142278.9313476,0,485,266,1,489,255,2,490,255,3,492,254,4,488,255,5,489,255,6,490,254,7,510,256,8,508,255,9,495,277,10,493,277,11,546,316,12,533,311,13,540,405,15,462,422,17,444,430,19,438,421,21,444,419,23,562,464,24,547,449,25,443,469,27,464,539,29,484,539,31,431,539
1694142278.9813476,0,485,267,1,488,256,2,490,255,3,492,255,4,488,256,5,489,255,6,490,254,7,510,256,8,508,255,9,494,278,10,493,278,11,546,316,12,534,310,13,539,403,15,461,419,17,443,428,19,437,418,21,443,416,23,562,464,24,548,448,25,443,469,27,465,539,29,485,539,31,433,539
1694142279.0313475,0,484,268,1,487,257,2,489,256,3,491,256,4,486,257,5,488,256,6,489,256,7,509,257,8,508,256,9,493,279,10,492,279,11,545,316,12,534,312,13,536,403,15,456,415,17,438,424,19,432,411,21,438,409,23,562,464,24,549,448,25,443,470,27,465,539,29,485,539,31,432,539
1694142279.0813475,0,483,269,1,487,258,2,488,257,3,490,256,4,486,257,5,487,257,6,488,256,7,508,257,8,507,256,9,492,280,10,491,280,11,545,316,12,534,312,13,534,403,15,455,414,17,437,423,19,431,410,21,437,408,23,562,464,24,550,448,25,443,470,27,465,539,29,486,539,31,431,539
1694142279.1313477,0,483,269,1,486,257,2,488,257,3,489,256,4,485,257,5,486,257,6,488,256,7,507,257,8,506,256,9,492,280,10,491,280,11,542,315,12,533,312,13,532,403,15,455,416,17,438,424,19,431,412,21,437,409,23,560,463,24,550,448,25,442,470,27,465,539,29,486,539,31,432,539
1694142279.1813476,0,482,269,1,485,258,2,487,257,3,489,257,4,484,257,5,485,257,6,487,256,7,507,257,8,505,256,9,491,280,10,490,280,11,542,315,12,532,313,13,531,403,15,455,416,17,438,425,19,431,412,21,436,409,23,560,463,24,549,448,25,442,470,27,466,539,29,487,539,31,432,539
1694142279.2313476,0,481,269,1,484,258,2,486,257,3,488,257,4,484,257,5,485,257,6,486,256,7,505,257,8,504,256,9,490,280,10,490,280,11,536,315,12,532,313,13,529,404,15,452,424,17,435,431,19,430,425,21,435,423,23,558,463,24,549,452,25,440,466,27,468,539,29,490,539,31,437,539
1694142279.2813475,0,481,270,1,484,258,2,485,258,3,487,257,4,483,258,5,484,257,6,486,257,7,504,257,8,503,256,9,490,280,10,489,280,11,535,315,12,532,314,13,528,405,15,451,429,17,434,436,19,429,430,21,435,429,23,555,463,24,549,456,25,438,463,27,468,539,29,490,539,31,438,539
1694142279.3313475,0,480,270,1,482,258,2,484,258,3,486,257,4,482,258,5,483,258,6,484,257,7,503,257,8,502,256,9,489,280,10,488,280,11,536,317,12,530,314,13,528,407,15,456,444,17,441,463,19,433,455,21,438,448,23,552,466,24,541,455,25,437,470,27,467,539,29,488,539,31,438,539
1694142279.3813477,0,479,271,1,482,259,2,483,258,3,485,258,4,481,259,5,482,258,6,483,258,7,503,258,8,501,257,9,489,280,10,488,281,11,537,318,12,528,314,13,527,408,15,458,447,17,443,466,19,435,458,21,439,451,23,550,468,24,537,455,25,437,474,27,466,539,29,485,539,31,438,539
1694142279.4313476,0,477,270,1,480,258,2,482,258,3,484,257,4,480,258,5,481,258,6,482,257,7,501,257,8,500,256,9,487,280,10,486,280,11,536,319,12,527,314,13,526,409,15,458,448,17,444,467,19,436,459,21,439,452,23,551,469,24,538,454,25,437,475,27,466,539,29,485,539,31,438,539
1694142279.4813476,0,476,270,1,480,258,2,481,258,3,483,257,4,479,258,5,480,258,6,482,257,7,501,257,8,499,256,9,486,280,10,485,280,11,536,319,12,526,314,13,526,410,15,459,448,17,444,467,19,436,459,21,440,452,23,551,470,24,538,454,25,437,477,27,467,539,29,486,539,31,438,539
1694142279.5313475,0,476,269,1,479,258,2,481,257,3,483,257,4,478,258,5,480,257,6,481,256,7,500,257,8,499,256,9,485,279,10,484,280,11,535,320,12,525,315,13,524,411,15,459,450,17,444,468,19,436,460,21,440,453,23,551,471,24,538,453,25,437,476,27,469,539,29,488,539,31,438,539
1694142279.5813475,0,475,269,1,478,258,2,480,257,3,482,257,4,477,258,5,479,257,6,480,256,7,499,257,8,498,256,9,484,279,10,483,280,11,535,320,12,525,315,13,523,412,15,459,450,17,444,469,19,436,461,21,440,454,23,551,471,24,538,453,25,437,476,27,469,539,29,488,539,31,438,539
1694142279.6313477,0,474,269,1,478,258,2,479,257,3,481,256,4,477,258,5,478,257,6,480,256,7,499,257,8,497,256,9,484,279,10,483,280,11,535,321,12,524,315,13,524,413,15,459,451,17,444,469,19,436,462,21,440,454,23,552,471,24,538,453,25,438,476,27,469,539,29,487,539,31,438,539
1694142279.6813476,0,474,269,1,477,258,2,479,257,3,481,257,4,477,258,5,478,257,6,479,257,7,499,257,8,497,256,9,484,280,10,483,280,11,535,321,12,524,315,13,524,413,15,459,450,17,444,469,19,436,462,21,440,454,23,552,471,24,538,452,25,438,476,27,469,539,29,488,539,31,440,539
1694142279.7313476,0,474,270,1,478,258,2,479,258,3,481,257,4,477,258,5,478,257,6,479,257,7,499,257,8,497,256,9,484,280,10,483,280,11,535,321,12,524,314,13,524,414,15,459,450,17,444,469,19,436,461,21,440,454,23,552,471,24,538,452,25,438,477,27,469,539,29,488,539,31,442,539
1694142279.7813475,0,474,270,1,478,258,2,479,258,3,481,257,4,477,258,5,478,257,6,479,257,7,499,257,8,497,256,9,484,280,10,483,280,11,535,321,12,524,314,13,524,414,15,459,450,17,444,468,19,436,461,21,440,454,23,552,471,24,538,452,25,438,477,27,469,539,29,488,539,31,442,539
1694142279.8313475,0,475,269,1,478,257,2,479,257,3,481,256,4,477,257,5,478,257,6,480,256,7,499,257,8,497,256,9,484,280,10,483,280,11,536,320,12,524,314,13,525,411,15,457,444,17,443,463,19,436,456,21,439,449,23,553,469,24,539,452,25,438,473,27,469,539,29,488,539,31,438,539
1694142279.8813477,0,475,269,1,478,257,2,479,257,3,481,256,4,477,257,5,478,257,6,480,256,7,499,257,8,498,256,9,484,280,10,483,280,11,536,320,12,524,315,13,525,410,15,455,442,17,442,461,19,436,454,21,439,448,23,554,468,24,539,452,25,439,472,27,468,539,29,488,539,31,436,539
1694142279.9313476,0,475,269,1,478,257,2,480,257,3,482,256,4,478,257,5,479,257,6,480,256,7,499,257,8,498,256,9,485,280,10,484,280,11,537,317,12,524,314,13,533,410,15,455,421,17,439,431,19,432,422,21,437,420,23,555,466,24,539,451,25,441,470,27,468,539,29,488,539,31,434,539
1694142279.9813476,0,475,269,1,479,257,2,480,257,3,482,256,4,478,257,5,479,257,6,480,256,7,499,257,8,498,256,9,485,279,10,484,280,11,538,316,12,525,314,13,535,409,15,455,416,17,436,426,19,430,418,21,436,415,23,555,465,24,539,450,25,441,470,27,468,539,29,488,539,31,434,539
1694142280.0313475,0,475,267,1,479,256,2,481,255,3,483,254,4,478,256,5,479,255,6,481,255,7,500,255,8,498,255,9,485,278,10,484,279,11,538,316,12,525,314,13,517,401,15,429,374,17,411,377,19,409,373,21,414,373,23,556,465,24,539,452,25,443,472,27,469,539,29,489,539,31,434,539
1694142280.0813475,0,476,267,1,480,255,2,481,254,3,483,254,4,479,255,5,480,255,6,481,254,7,500,255,8,498,255,9,485,278,10,484,279,11,538,316,12,525,315,13,513,398,15,425,371,17,408,374,19,406,370,21,411,369,23,557,466,24,539,453,25,444,474,27,470,539,29,490,539,31,435,539
1694142280.1313477,0,476,268,1,480,256,2,482,256,3,483,255,4,479,256,5,480,256,6,481,255,7,500,256,8,499,255,9,486,279,10,484,280,11,538,315,12,528,314,13,509,391,15,423,354,17,405,354,19,403,350,21,408,350,23,557,466,24,543,450,25,444,475,27,470,539,29,490,539,31,435,539
1694142280.1813476,0,476,269,1,480,257,2,482,256,3,483,255,4,479,257,5,480,256,6,481,256,7,500,256,8,499,256,9,486,280,10,484,281,11,538,316,12,529,313,13,507,391,15,422,353,17,404,353,19,402,349,21,407,349,23,557,465,24,544,448,25,444,475,27,470,539,29,490,539,31,434,539
1694142280.2313476,0,478,270,1,481,257,2,482,257,3,484,256,4,479,257,5,480,257,6,481,257,7,502,256,8,499,256,9,487,280,10,485,281,11,539,316,12,528,313,13,503,389,15,419,350,17,401,350,19,399,345,21,405,345,23,558,466,24,544,448,25,444,476,27,470,539,29,490,539,31,432,539
1694142280.2813475,0,478,271,1,481,257,2,483,257,3,485,256,4,480,258,5,480,257,6,481,257,7,502,256,8,499,256,9,488,281,10,486,281,11,539,317,12,527,313,13,502,389,15,419,350,17,401,349,19,399,344,21,404,345,23,558,467,24,544,447,25,444,476,27,470,539,29,490,539,31,432,539
1694142280.3313475,0,478,271,1,482,257,2,484,257,3,486,256,4,480,258,5,481,257,6,482,257,7,503,256,8,500,256,9,488,281,10,486,281,11,540,317,12,522,313,13,498,387,15,419,341,17,401,338,19,400,332,21,405,333,23,559,468,24,544,447,25,444,476,27,470,539,29,490,539,31,433,539
1694142280.3813477,0,479,271,1,482,257,2,484,257,3,486,256,4,480,258,5,481,257,6,482,257,7,504,256,8,500,256,9,489,281,10,486,281,11,540,317,12,520,313,13,496,387,15,420,340,17,401,337,19,400,330,21,406,332,23,560,468,24,543,448,25,445,476,27,470,539,29,490,539,31,433,539
1694142280.4313476,0,479,271,1,482,257,2,484,257,3,487,256,4,480,258,5,481,257,6,482,257,7,504,256,8,500,256,9,489,280,10,485,281,11,540,317,12,521,313,13,487,378,15,414,325,17,398,320,19,397,313,21,404,315,23,560,469,24,544,448,25,444,476,27,470,539,29,490,539,31,433,539
1694142280.4813476,0,479,270,1,482,257,2,484,257,3,487,256,4,480,258,5,481,257,6,482,257,7,504,256,8,500,256,9,488,280,10,485,281,11,540,317,12,521,313,13,484,376,15,414,323,17,397,317,19,397,310,21,404,313,23,560,469,24,545,448,25,444,475,27,470,539,29,490,539,31,432,539
1694142280.5313475,0,479,270,1,482,257,2,484,256,3,487,256,4,481,257,5,481,257,6,482,257,7,504,256,8,500,256,9,488,280,10,485,280,11,536,315,12,523,313,13,474,365,15,408,323,17,390,316,19,390,310,21,397,312,23,560,468,24,546,448,25,445,475,27,468,539,29,487,539,31,430,539
1694142280.5813475,0,479,270,1,483,257,2,485,256,3,487,255,4,481,257,5,482,257,6,483,256,7,504,256,8,501,256,9,488,279,10,485,280,11,535,314,12,524,313,13,472,363,15,406,323,17,388,316,19,388,310,21,395,312,23,560,467,24,547,448,25,444,475,27,466,539,29,484,539,31,428,539
1694142280.6313477,0,479,268,1,483,256,2,485,256,3,487,255,4,481,256,5,482,256,6,483,256,7,504,256,8,501,256,9,487,278,10,485,279,11,531,312,12,528,314,13,470,357,15,404,323,17,386,317,19,385,310,21,393,313,23,560,467,24,548,448,25,445,475,27,465,539,29,483,539,31,426,539
1694142280.6813476,0,479,267,1,483,256,2,485,255,3,487,255,4,481,256,5,482,256,6,483,255,7,504,256,8,501,256,9,487,277,10,484,278,11,529,309,12,530,315,13,468,352,15,403,322,17,385,316,19,384,311,21,391,313,23,559,467,24,550,449,25,445,475,27,464,539,29,481,539
1694142280.7313476,0,479,266,1,483,255,2,485,255,3,487,254,4,481,255,5,482,255,6,484,255,7,504,256,8,501,256,9,487,276,10,484,277,11,528,309,12,531,316,13,468,352,15,402,322,17,384,316,19,384,310,21,391,313,23,558,467,24,550,450,25,445,475,29,481,539
1694142280.7813475,0,479,266,1,483,255,2,485,254,3,488,254,4,482,255,5,483,255,6,484,254,7,504,256,8,501,256,9,487,276,10,484,276,11,528,309,12,531,316,13,467,351,15,401,321,17,383,314,19,383,309,21,390,312,23,558,467,24,550,450,25,445,475,29,481,539
1694142280.8313475,0,479,265,1,484,254,2,486,254,3,489,254,4,483,255,5,485,255,6,486,254,7,505,256,8,503,256,9,487,275,10,485,276,11,523,309,12,537,316,13,461,345,15,401,319,17,384,314,19,383,309,21,390,311,23,555,467,24,553,450,25,444,475,29,480,539
1694142280.8813477,0,480,265,1,485,254,2,487,254,3,489,253,4,484,254,5,486,254,6,487,254,7,505,256,8,504,256,9,487,275,10,486,276,11,521,309,12,540,315,13,460,343,15,400,319,17,384,314,19,384,309,21,390,311,23,553,466,24,555,450,25,444,475,27,461,539,29,480,539
1694142280.9313476,0,480,266,1,485,254,2,487,254,3,489,254,4,485,255,5,487,254,6,488,254,7,505,256,8,504,256,9,488,276,10,487,276,11,519,309,12,542,316,13,454,336,15,399,316,17,384,312,19,384,309,21,390,310,23,552,466,24,555,449,25,444,475,27,462,539,29,480,539
1694142280.9813476,0,480,266,1,486,255,2,487,254,3,489,254,4,486,255,5,487,255,6,489,254,7,505,256,8,505,256,9,488,276,10,488,276,11,518,309,12,543,316,13,453,335,15,399,316,17,385,312,19,384,309,21,390,311,23,552,466,24,555,449,25,444,475,27,463,539,29,480,539
1694142281.0313475,0,481,267,1,486,255,2,488,255,3,489,254,4,486,255,5,488,255,6,489,255,7,505,256,8,505,256,9,489,276,10,489,277,11,518,309,12,542,316,13,450,329,15,398,312,17,385,310,19,384,307,21,389,309,23,553,467,24,554,447,25,444,474,27,463,539,29,483,539,31,417,539
1694142281.0813475,0,483,267,1,488,255,2,489,255,3,491,254,4,487,255,5,488,255,6,489,254,7,506,256,8,506,255,9,492,276,10,490,276,11,518,311,12,541,308,13,452,328,15,408,314,17,397,311,19,396,310,21,401,312,23,554,466,24,554,447,25,444,474,27,468,539,29,489,539,31,420,539
1694142281.1313477,0,485,267,1,488,255,2,490,255,3,491,254,4,487,255,5,488,255,6,490,254,7,506,256,8,506,255,9,493,276,10,491,276,11,519,312,12,541,305,13,452,326,15,409,315,17,398,312,19,398,311,21,402,312,23,555,466,24,555,442,25,444,474,27,470,539,29,491,539,31,421,539
1694142281.1813476,0,485,267,1,488,255,2,490,255,3,492,255,4,488,255,5,489,255,6,490,255,7,507,256,8,506,255,9,494,276,10,492,276,11,523,312,12,538,304,13,453,325,15,412,316,17,400,312,19,399,312,21,404,312,23,557,466,24,554,441,25,444,475,27,470,539,29,491,539,31,421,539
1694142281.2313476,0,486,268,1,489,256,2,491,255,3,493,255,4,488,256,5,489,255,6,490,255,7,508,256,8,507,255,9,495,276,10,493,276,11,527,311,12,535,303,13,454,320,15,412,316,17,400,313,19,400,312,21,404,313,23,559,466,24,554,439,25,444,475,27,470,539,29,491,539,31,421,539
1694142281.2813475,0,487,267,1,491,256,2,492,255,3,494,255,4,489,256,5,490,255,6,491,255,7,509,256,8,508,255,9,496,276,10,494,276,11,529,310,12,534,303,13,455,319,15,412,314,17,401,314,19,400,312,21,405,313,23,560,465,24,552,439,25,444,475,27,469,539,29,490,539,31,420,539
1694142281.3313475,0,488,268,1,491,256,2,493,255,3,495,255,4,490,256,5,491,255,6,492,255,7,510,256,8,508,255,9,497,276,10,494,276,11,530,309,12,534,303,13,456,318,15,412,314,17,402,314,19,401,312,21,406,313,23,560,465,24,552,440,25,444,475,27,469,539,29,490,539,31,420,539
1694142281.3813477,0,488,269,1,491,257,2,493,256,3,495,256,4,490,257,5,491,256,6,492,256,7,510,256,8,508,255,9,497,277,10,495,277,11,530,309,12,533,303,13,456,317,15,412,314,17,403,314,19,402,312,21,406,313,23,560,465,24,551,439,25,444,475,27,469,539,29,489,539,31,419,539
1694142281.4313476,0,489,269,1,492,257,2,494,256,3,495,256,4,490,257,5,491,256,6,492,256,7,510,256,8,508,255,9,497,277,10,495,277,11,530,308,12,533,302,13,456,317,15,413,313,17,403,314,19,403,312,21,407,313,23,560,465,24,551,438,25,444,475,27,467,539,29,487,539,31,417,539
1694142281.4813476,0,489,269,1,492,257,2,494,256,3,496,256,4,491,257,5,492,256,6,493,256,7,511,256,8,508,255,9,498,277,10,495,277,11,529,308,12,534,303,13,455,316,15,413,310,17,403,311,19,403,310,21,407,310,23,560,465,24,550,441,25,444,476,27,467,539,29,486,539,31,417,539
1694142281.5313475,0,489,269,1,493,257,2,494,256,3,496,256,4,491,257,5,492,256,6,493,256,7,511,256,8,509,255,9,498,277,10,495,277,11,528,307,12,534,303,13,454,316,15,413,309,17,403,310,19,403,308,21,406,309,23,560,465,24,550,442,25,444,476,27,466,539,29,485,539,31,416,539
1694142281.5813475,0,489,269,1,493,257,2,494,256,3,496,256,4,491,257,5,492,256,6,493,256,7,511,256,8,509,255,9,498,277,10,496,277,11,526,307,12,535,303,13,454,316,15,413,308,17,403,309,19,403,308,21,406,308,23,559,465,24,550,443,25,444,476,27,466,539,29,485,539,31,416,539
1694142281.6313477,0,489,266,1,493,255,2,495,254,3,497,254,4,492,255,5,493,254,6,494,254,7,512,256,8,510,254,9,498,275,10,496,275,11,526,307,12,534,304,13,454,314,15,407,289,17,398,288,19,399,284,21,402,286,23,558,466,24,549,441,25,444,477,27,467,539,29,485,539,31,417,539
1694142281.6813476,0,489,263,1,494,252,2,495,252,3,497,252,4,492,252,5,493,252,6,494,251,7,512,255,8,510,254,9,497,272,10,495,272,11,526,306,12,534,305,13,454,311,15,403,284,17,389,282,19,390,277,21,395,279,23,558,465,24,548,440,25,444,477,27,467,539,29,485,539,31,421,539
1694142281.7313476,0,489,261,1,494,251,2,496,251,3,498,250,4,492,251,5,493,250,6,494,250,7,512,254,8,510,253,9,497,270,10,495,270,11,528,306,12,533,307,13,456,310,15,401,283,17,386,280,19,387,276,21,392,278,23,558,465,24,548,440,25,444,476,27,467,539,29,485,539,31,423,539
1694142281.7813475,0,489,260,1,494,250,2,496,250,3,498,250,4,492,250,5,493,250,6,494,249,7,513,254,8,510,253,9,497,270,10,494,270,11,528,305,12,533,307,13,456,310,15,400,283,17,385,280,19,386,276,21,391,277,23,558,465,24,547,442,25,444,476,27,467,539,29,485,539,31,424,539
1694142281.8313475,0,489,261,1,494,250,2,496,250,3,498,250,4,492,250,5,493,250,6,494,249,7,513,254,8,510,252,9,497,270,10,494,270,11,528,305,12,534,309,13,457,310,15,398,282,17,384,281,19,384,277,21,389,278,23,557,464,24,547,445,25,444,476,27,467,539,29,486,539,31,427,539
1694142281.8813477,0,489,262,1,494,251,2,496,251,3,498,251,4,492,251,5,493,251,6,494,250,7,512,254,8,510,253,9,497,270,10,494,270,11,528,305,12,536,309,13,459,307,15,397,283,17,382,283,19,382,279,21,387,281,23,557,463,24,550,445,25,445,476,27,466,539,29,485,539,31,427,539
1694142281.9313476,0,489,263,1,494,252,2,495,252,3,497,251,4,492,252,5,493,252,6,494,251,7,512,254,8,510,253,9,497,271,10,494,271,11,528,305,12,537,309,13,459,306,15,396,283,17,381,284,19,381,280,21,386,282,23,556,463,24,552,445,25,445,476,27,466,539,29,484,539,31,426,539
1694142281.9813476,0,489,264,1,493,253,2,495,252,3,497,252,4,492,253,5,493,252,6,494,252,7,511,254,8,510,253,9,497,271,10,494,271,11,528,305,12,537,309,13,460,305,15,396,283,17,381,284,19,380,280,21,386,282,23,556,462,24,553,445,25,445,476,27,466,539,29,484,539
1694142282.0313475,0,486,265,1,491,254,2,493,254,3,494,253,4,490,254,5,491,253,6,492,253,7,509,255,8,508,254,9,494,272,10,492,272,11,527,304,12,538,309,13,459,301,15,396,277,17,382,278,19,381,275,21,387,276,23,556,460,24,553,447,25,445,476,27,466,539,29,484,539
1694142282.0813475,0,485,266,1,490,255,2,492,255,3,493,254,4,489,255,5,490,255,6,491,254,7,508,255,8,506,255,9,493,274,10,492,274,11,523,301,12,536,310,13,459,296,15,396,266,17,382,263,19,384,261,21,388,262,23,556,458,24,554,447,25,445,477,27,466,539,29,484,539
1694142282.1313477,0,484,267,1,489,256,2,490,255,3,492,255,4,488,256,5,489,255,6,490,255,7,507,256,8,505,256,9,492,275,10,491,275,11,520,300,12,537,309,13,458,295,15,396,264,17,383,261,19,385,258,21,390,259,23,556,457,24,554,447,25,445,477,27,467,539,29,485,539
1694142282.1813476,0,484,267,1,488,256,2,490,256,3,492,255,4,487,256,5,488,256,6,490,255,7,506,256,8,504,256,9,492,275,10,490,275,11,521,300,12,537,309,13,459,295,15,398,261,17,384,255,19,387,251,21,391,254,23,556,456,24,554,446,25,446,477,29,485,539
1694142282.2313476,0,484,267,1,488,256,2,489,256,3,491,255,4,487,256,5,488,256,6,489,255,7,506,256,8,504,256,9,491,275,10,490,275,11,521,300,12,537,309,13,459,294,15,398,259,17,384,254,19,387,250,21,391,252,23,556,456,24,554,446,25,446,477,29,485,539
1694142282.2813475,0,483,267,1,487,257,2,489,256,3,491,256,4,486,257,5,487,256,6,488,256,7,505,257,8,503,257,9,491,275,10,489,275,11,521,299,12,537,309,13,459,294,15,399,261,17,385,256,19,387,252,21,392,254,23,556,452,24,554,446,25,446,475,29,489,539
1694142282.3313475,0,483,267,1,487,257,2,489,257,3,490,256,4,486,257,5,487,257,6,488,256,7,505,257,8,503,258,9,490,276,10,489,275,11,521,299,12,535,309,13,459,294,15,400,261,17,385,257,19,388,253,21,392,255,23,553,453,24,555,446,25,446,475,29,489,539
1694142282.3813477,0,482,267,1,486,257,2,488,257,3,489,256,4,485,257,5,486,257,6,488,256,7,504,258,8,503,258,9,489,276,10,488,275,11,519,299,12,534,310,13,458,294,15,400,263,17,385,258,19,388,255,21,392,257,23,550,456,24,556,446,25,446,475,29,492,539
1694142282.4313476,0,481,267,1,486,257,2,488,257,3,489,256,4,485,257,5,486,257,6,488,256,7,504,258,8,503,258,9,489,276,10,488,275,11,517,299,12,534,310,13,457,294,15,400,264,17,385,259,19,388,255,21,392,258,23,549,458,24,557,446,25,446,475,29,495,539
1694142282.4813476,0,481,267,1,486,257,2,487,256,3,489,256,4,485,257,5,486,256,6,487,256,7,504,258,8,502,257,9,489,275,10,487,275,11,518,301,12,533,310,13,456,295,15,399,264,17,385,260,19,387,256,21,392,258,23,552,458,24,555,447,25,446,475
1694142282.5313475,0,481,267,1,485,256,2,487,256,3,489,255,4,485,256,5,486,255,6,487,255,7,503,257,8,502,257,9,488,275,10,487,275,11,518,302,12,533,310,13,455,295,15,399,264,17,385,260,19,387,257,21,392,259,23,553,458,24,554,448,25,445,475
1694142282.5813475,0,481,266,1,485,256,2,487,255,3,489,255,4,485,256,5,486,255,6,487,255,7,503,257,8,502,257,9,488,274,10,487,274,11,517,304,12,533,310,13,454,303,15,399,266,17,385,261,19,387,257,21,392,259,23,554,459,24,555,449,25,445,474
1694142282.6313477,0,481,266,1,485,255,2,487,255,3,489,255,4,485,255,5,486,255,6,487,254,7,504,257,8,502,257,9,488,274,10,487,274,11,517,305,12,533,310,13,454,306,15,399,268,17,385,261,19,387,257,21,392,259,23,554,460,24,556,449,25,444,474
1694142282.6813476,0,481,266,1,485,255,2,487,255,3,489,255,4,485,255,5,486,255,6,487,254,7,503,257,8,503,256,9,488,274,10,488,274,11,517,309,12,536,310,13,454,321,15,406,271,17,391,261,19,394,257,21,399,260,23,555,460,24,555,447,25,444,473
1694142282.7313476,0,481,266,1,486,255,2,487,255,3,489,255,4,485,255,5,486,255,6,487,254,7,503,257,8,503,256,9,488,274,10,488,274,11,517,310,12,538,310,13,454,324,15,408,273,17,393,261,19,397,257,21,401,260,23,555,460,24,555,446,25,444,472
1694142282.7813475,0,481,266,1,485,256,2,487,255,3,489,255,4,485,256,5,486,255,6,487,255,7,504,257,8,503,256,9,488,275,10,488,275,11,529,311,12,529,311,13,466,352,15,432,281,17,421,265,19,427,259,21,432,264,23,557,462,24,550,446,25,444,472
1694142282.8313475,0,481,266,1,485,256,2,486,256,3,488,255,4,484,256,5,485,255,6,486,255,7,504,257,8,503,256,9,488,275,10,487,275,11,531,314,12,525,311,13,468,354,15,435,283,17,425,266,19,431,260,21,437,265,23,557,465,24,548,446,25,444,472
1694142282.8813477,0,477,268,1,482,257,2,484,257,3,485,256,4,482,257,5,484,256,6,486,256,7,501,258,8,501,256,9,484,277,10,485,278,11,531,318,12,525,312,13,471,366,15,457,294,17,455,276,19,464,271,21,467,278,23,558,466,24,548,452,25,445,472
1694142282.9313476,0,476,272,1,481,261,2,482,260,3,484,260,4,481,260,5,483,259,6,485,258,7,500,259,8,500,258,9,482,281,10,483,281,11,531,320,12,525,314,13,472,367,15,460,296,17,458,279,19,467,275,21,470,281,23,558,466,24,548,455,25,446,472
1694142282.9813476,0,473,272,1,479,262,2,481,261,3,483,261,4,479,261,5,480,260,6,482,259,7,499,261,8,498,259,9,480,282,10,479,282,11,536,322,12,523,314,13,474,369,15,464,297,17,462,280,19,472,276,21,475,282,23,559,467,24,548,457,25,446,473
1694142283.0313475,0,472,272,1,479,262,2,480,261,3,482,260,4,478,260,5,479,259,6,481,258,7,499,261,8,497,259,9,478,282,10,477,281,11,536,322,12,522,314,13,475,370,15,463,299,17,461,281,19,471,277,21,474,284,23,560,467,24,548,453,25,446,473
1694142283.0813475,0,473,272,1,479,262,2,481,261,3,482,261,4,478,261,5,480,260,6,481,259,7,499,262,8,498,259,9,479,282,10,478,282,11,537,323,12,522,315,13,475,370,15,466,299,17,466,281,19,475,277,21,478,283,23,560,468,24,547,457,25,446,473
1694142283.1313477,0,473,273,1,479,263,2,481,262,3,483,262,4,479,262,5,480,261,6,481,260,7,500,262,8,498,260,9,480,283,10,479,283,11,538,323,12,523,316,13,477,371,15,466,299,17,466,281,19,476,277,21,478,283,23,560,469,24,547,458,25,447,473
1694142283.1813476,0,473,275,1,479,264,2,481,263,3,483,263,4,478,263,5,479,262,6,481,261,7,500,263,8,498,260,9,480,285,10,479,284,11,538,323,12,522,315,13,478,370,15,462,302,17,459,285,19,470,280,21,473,286,23,561,469,24,547,458,25,447,472
1694142283.2313476,0,472,275,1,479,264,2,481,264,3,483,263,4,478,263,5,479,262,6,481,261,7,500,263,8,498,260,9,480,285,10,479,284,11,538,323,12,522,315,13,478,370,15,461,302,17,457,286,19,468,281,21,472,286,23,561,468,24,546,458,25,447,472
1694142283.2813475,0,476,274,1,481,264,2,483,264,3,485,263,4,479,263,5,480,262,6,481,261,7,501,263,8,498,260,9,485,284,10,483,284,11,538,323,12,523,316,13,477,368,15,454,301,17,455,285,19,466,280,21,467,286,23,560,468,24,546,458,25,447,472
1694142283.3313475,0,476,273,1,481,263,2,483,263,3,485,262,4,479,262,5,480,261,6,481,261,7,501,263,8,498,260,9,485,283,10,483,283,11,537,323,12,524,315,13,477,368,15,452,301,17,454,284,19,465,280,21,465,285,23,559,469,24,548,453,25,447,473
1694142283.3813477,0,477,272,1,481,263,2,483,262,3,485,262,4,480,262,5,481,261,6,482,260,7,502,262,8,499,260,9,486,282,10,485,283,11,532,315,12,528,318,13,472,355,15,425,298,17,421,282,19,429,277,21,430,283,23,556,468,24,548,452,25,446,473
1694142283.4313476,0,478,272,1,481,262,2,483,262,3,485,261,4,481,262,5,481,261,6,483,260,7,502,261,8,499,260,9,486,282,10,485,282,11,528,312,12,530,318,13,470,351,15,421,296,17,416,281,19,423,276,21,425,282,23,554,467,24,549,451,25,446,472
1694142283.4813476,0,479,271,1,484,260,2,486,259,3,488,259,4,483,260,5,484,259,6,485,259,7,503,260,8,501,259,9,487,280,10,485,280,11,515,312,12,541,318,13,455,337,15,403,296,17,390,285,19,392,280,21,397,283,23,550,465,24,557,449,25,445,472
1694142283.5313475,0,480,269,1,485,258,2,487,258,3,489,257,4,484,258,5,485,258,6,486,258,7,503,259,8,502,258,9,488,278,10,486,279,11,513,312,12,540,317,13,453,336,15,402,296,17,389,286,19,391,281,21,396,283,23,549,464,24,559,448,25,444,472
1694142283.5813475,0,481,269,1,486,257,2,488,257,3,490,256,4,484,258,5,485,258,6,486,257,7,503,259,8,502,258,9,489,277,10,486,278,11,512,311,12,540,318,13,451,326,15,393,296,17,379,289,19,379,284,21,384,285,23,549,464,24,560,448,25,444,472,29,487,539
1694142283.6313477,0,481,268,1,486,256,2,488,256,3,490,255,4,484,257,5,485,257,6,486,256,7,503,258,8,502,258,9,489,276,10,486,277,11,511,311,12,540,318,13,449,325,15,392,296,17,378,289,19,379,284,21,384,286,23,550,464,24,560,448,25,444,472,29,487,539
1694142283.6813476,0,481,268,1,486,256,2,488,256,3,490,255,4,484,257,5,485,257,6,486,256,7,503,258,8,502,258,9,489,276,10,486,277,11,513,310,12,539,318,13,448,317,15,389,295,17,375,289,19,375,284,21,380,286,23,550,464,24,560,448,25,444,472,29,487,539
1694142283.7313476,0,481,268,1,486,256,2,488,256,3,490,255,4,484,257,5,485,257,6,486,256,7,503,258,8,502,257,9,489,276,10,486,277,11,514,310,12,539,318,13,448,316,15,389,294,17,374,289,19,375,284,21,380,286,23,550,464,24,560,449,25,444,472,29,487,539
1694142283.7813475,0,481,268,1,486,256,2,488,256,3,490,255,4,484,257,5,485,257,6,486,256,7,504,258,8,502,257,9,489,276,10,486,277,11,515,304,12,537,317,13,447,307,15,386,286,17,370,285,19,370,282,21,375,283,23,551,463,24,560,448,25,444,473
1694142283.8313475,0,481,268,1,486,256,2,488,256,3,490,255,4,484,257,5,485,257,6,486,256,7,504,257,8,502,257,9,489,276,10,486,277,11,516,302,12,535,317,13,448,306,15,387,284,17,371,284,19,370,281,21,375,282,23,552,463,24,559,448,25,444,474
1694142283.8813477,0,481,267,1,486,256,2,488,255,3,490,255,4,484,256,5,485,256,6,486,256,7,504,257,8,502,257,9,489,276,10,486,276,11,516,301,12,533,316,13,449,295,15,385,276,17,368,275,19,367,273,21,373,273,23,551,461,24,556,448,25,444,474
1694142283.9313476,0,481,267,1,486,256,2,488,255,3,490,255,4,484,256,5,485,256,6,486,256,7,504,257,8,502,257,9,489,275,10,486,276,11,516,301,12,533,316,13,450,293,15,385,274,17,367,273,19,366,270,21,372,271,23,552,460,24,555,448,25,444,475
1694142283.9813476,0,481,266,1,486,255,2,488,255,3,490,254,4,485,255,5,485,255,6,486,255,7,504,256,8,502,257,9,488,274,10,486,274,11,514,299,12,534,313,13,449,287,15,386,270,17,369,268,19,368,266,21,373,266,23,549,458,24,555,448,25,444,475
1694142284.0313475,0,481,266,1,486,255,2,488,254,3,489,254,4,485,255,5,486,255,6,487,254,7,503,256,8,502,256,9,488,274,10,486,274,11,509,298,12,534,312,13,447,287,15,386,269,17,370,267,19,369,264,21,374,265,23,550,459,24,556,448,25,444,475
1694142284.0813475,0,481,266,1,486,255,2,488,254,3,489,254,4,485,255,5,486,255,6,487,254,7,503,256,8,502,256,9,487,274,10,486,274,11,505,294,12,533,312,13,444,282,15,385,265,17,368,262,19,368,259,21,374,261,23,544,457,24,557,445,25,444,474
1694142284.1313477,0,480,266,1,485,255,2,487,255,3,488,254,4,485,255,5,486,255,6,487,254,7,502,257,8,502,257,9,486,275,10,485,275,11,502,293,12,533,311,13,443,281,15,385,264,17,368,261,19,368,258,21,373,260,23,543,457,24,559,444,25,444,473
1694142284.1813476,0,480,267,1,485,256,2,487,255,3,488,255,4,485,256,5,486,256,6,487,255,7,501,257,8,502,257,9,486,276,10,485,276,11,504,292,12,533,310,13,442,273,15,385,246,17,369,243,19,369,240,21,375,242,23,544,457,24,559,444,25,444,474
1694142284.2313476,0,480,269,1,485,257,2,486,256,3,488,256,4,485,258,5,486,257,6,487,256,7,500,257,8,502,258,9,485,277,10,485,278,11,502,291,12,534,310,13,443,272,15,385,244,17,370,239,19,370,237,21,376,240,23,545,457,24,560,443,25,444,474
1694142284.2813475,0,479,270,1,485,258,2,486,257,3,488,256,4,484,258,5,485,257,6,487,257,7,500,257,8,501,258,9,485,278,10,484,278,11,503,288,12,533,308,13,442,261,15,385,221,17,370,215,19,371,213,21,376,215,23,554,452,24,560,440,25,444,475
1694142284.3313475,0,479,271,1,485,258,2,486,257,3,488,256,4,484,259,5,485,258,6,487,257,7,500,257,8,500,258,9,485,278,10,484,279,11,508,289,12,532,306,13,443,261,15,387,220,17,372,213,19,373,210,21,377,212,23,559,453,24,560,440,25,444,475
1694142284.3813477,0,479,271,1,485,258,2,486,257,3,488,256,4,484,258,5,485,257,6,487,257,7,500,257,8,500,257,9,484,278,10,484,279,11,510,289,12,529,305,13,449,258,15,394,211,17,380,202,19,382,200,21,385,202,23,561,451,24,560,439,25,444,475
1694142284.4313476,0,476,271,1,484,257,2,485,256,3,487,255,4,483,258,5,484,257,6,485,256,7,500,256,8,499,257,9,482,278,10,482,278,11,512,289,12,527,305,13,452,257,15,397,209,17,385,200,19,387,198,21,390,201,23,561,451,24,560,440,25,443,475
1694142284.4813476,0,475,269,1,483,255,2,485,254,3,487,254,4,482,256,5,483,255,6,485,254,7,500,255,8,499,256,9,481,277,10,480,277,11,513,290,12,524,304,13,452,260,15,399,215,17,386,206,19,388,204,21,391,208,23,560,450,24,559,439,25,443,475
1694142284.5313475,0,474,268,1,483,255,2,485,254,3,487,253,4,482,255,5,483,254,6,485,254,7,500,255,8,499,256,9,480,276,10,478,276,11,513,290,12,524,303,13,452,260,15,399,217,17,387,207,19,389,205,21,392,209,23,560,450,24,559,439,25,443,475
1694142284.5813475,0,475,266,1,483,254,2,485,254,3,487,253,4,483,255,5,484,254,6,486,254,7,500,256,8,500,256,9,480,274,10,479,274,11,509,290,12,526,303,13,447,272,15,397,240,17,382,233,19,384,231,21,389,235,23,558,449,24,561,438,25,443,475
1694142284.6313477,0,475,266,1,484,254,2,485,254,3,487,253,4,483,255,5,485,254,6,487,254,7,501,256,8,501,256,9,480,274,10,479,274,11,507,290,12,528,302,13,445,276,15,397,247,17,380,240,19,382,237,21,388,241,23,558,449,24,561,437,25,443,475
1694142284.6813476,0,475,266,1,484,255,2,486,255,3,487,254,4,483,255,5,485,255,6,487,255,7,502,257,8,501,258,9,481,274,10,480,274,11,512,290,12,528,304,13,448,289,15,393,281,17,376,281,19,376,281,21,383,284,23,558,449,24,559,440,25,443,461
1694142284.7313476,0,476,266,1,484,256,2,486,255,3,488,255,4,484,256,5,485,256,6,487,255,7,502,258,8,501,258,9,482,274,10,481,274,11,512,290,12,529,306,13,448,294,15,391,284,17,375,284,19,375,285,21,381,287,23,557,449,24,559,441,25,443,461
1694142284.7813475,0,477,266,1,484,255,2,486,255,3,488,254,4,484,256,5,485,256,6,487,255,7,504,258,8,501,258,9,483,274,10,481,274,11,518,293,12,524,312,13,452,303,15,389,314,17,373,317,19,372,317,21,378,319,23,557,450,24,552,445,25,443,463
1694142284.8313475,0,477,265,1,484,254,2,486,254,3,488,254,4,483,255,5,485,255,6,486,254,7,504,258,8,501,258,9,483,273,10,481,274,11,520,294,12,521,313,13,454,305,15,387,317,17,371,320,19,371,320,21,376,322,23,557,452,24,550,447,25,443,463
1694142284.8813477,0,477,265,1,484,254,2,486,254,3,488,254,4,483,255,5,485,255,6,486,254,7,504,258,8,501,258,9,483,273,10,481,274,11,520,298,12,521,313,13,452,319,15,385,334,17,372,339,19,371,337,21,376,337,23,559,453,24,550,449,25,451,417
1694142284.9313476,0,477,265,1,484,254,2,486,254,3,488,254,4,483,255,5,484,255,6,486,254,7,504,258,8,501,258,9,484,274,10,482,274,11,519,300,12,523,311,13,450,322,15,384,336,17,371,341,19,370,340,21,374,340,23,559,454,24,551,448,25,450,424
1694142284.9813476,0,477,265,1,484,254,2,486,254,3,488,254,4,483,255,5,484,255,6,486,254,7,504,258,8,501,258,9,484,274,10,482,274,11,517,302,12,527,311,13,448,319,15,383,331,17,371,335,19,370,333,21,374,334,23,559,456,24,552,449,25,449,445
1694142285.0313475,0,477,264,1,484,253,2,486,253,3,488,253,4,483,253,5,484,253,6,486,253,7,504,257,8,501,257,9,484,273,10,482,274,11,515,305,12,529,310,13,447,321,15,383,332,17,370,337,19,369,334,21,373,334,23,559,458,24,553,448,25,448,459
1694142285.0813475,0,477,263,1,484,252,2,486,252,3,488,252,4,483,252,5,484,252,6,486,251,7,504,257,8,501,256,9,484,272,10,482,273,11,511,307,12,534,310,13,445,323,15,383,327,17,370,331,19,369,329,21,373,330,23,557,460,24,554,447,25,447,468
1694142285.1313477,0,477,263,1,484,252,2,486,251,3,488,251,4,483,251,5,484,251,6,486,251,7,504,257,8,502,256,9,484,272,10,483,273,11,509,307,12,536,310,13,445,322,15,384,325,17,370,329,19,369,326,21,373,328,23,556,462,24,557,445,25,447,470
1694142285.1813476,0,477,263,1,484,252,2,486,251,3,488,251,4,483,252,5,484,251,6,486,251,7,504,257,8,502,256,9,484,272,10,483,273,11,510,307,12,536,310,13,447,322,15,385,322,17,370,325,19,369,322,21,374,324,23,556,462,24,558,446,25,446,453
1694142285.2313476,0,477,263,1,484,252,2,486,252,3,488,251,4,483,252,5,484,251,6,486,251,7,503,257,8,502,256,9,485,273,10,483,273,11,510,308,12,536,310,13,448,321,15,386,321,17,372,324,19,370,321,21,375,322,23,556,462,24,558,446,25,446,464
1694142285.2813475,0,478,265,1,484,254,2,486,254,3,488,253,4,483,254,5,484,254,6,486,254,7,503,257,8,502,257,9,485,274,10,484,275,11,510,309,12,539,311,13,449,321,15,391,317,17,379,316,19,379,312,21,384,313,23,557,459,24,561,445,25,446,464
1694142285.3313475,0,478,267,1,484,256,2,486,255,3,488,255,4,483,256,5,484,256,6,486,255,7,503,257,8,502,258,9,486,276,10,485,276,11,511,308,12,540,313,13,448,321,15,391,301,17,378,291,19,378,287,21,383,291,23,556,459,24,563,445,25,446,469
1694142285.3813477,0,478,268,1,484,256,2,486,256,3,488,255,4,483,257,5,484,256,6,486,256,7,503,258,8,502,258,9,486,276,10,485,277,11,513,308,12,540,316,13,448,320,15,390,297,17,377,287,19,378,283,21,382,288,23,556,459,24,563,446,25,445,470
1694142285.4313476,0,478,268,1,484,257,2,485,256,3,487,256,4,483,257,5,484,257,6,485,256,7,503,258,8,502,258,9,487,277,10,485,277,11,513,308,12,539,316,13,448,320,15,390,296,17,377,287,19,377,283,21,382,287,23,555,459,24,564,447,25,445,470
1694142285.4813476,0,478,268,1,483,257,2,485,257,3,487,256,4,483,258,5,484,257,6,485,257,7,502,258,8,502,259,9,486,277,10,485,277,11,513,308,12,539,316,13,445,308,15,378,284,17,360,281,19,359,278,21,366,280,23,554,458,24,563,447,25,444,471
1694142285.5313475,0,477,269,1,482,258,2,484,257,3,486,257,4,482,258,5,483,257,6,484,257,7,501,259,8,501,259,9,485,277,10,484,277,11,508,307,12,539,316,13,439,301,15,371,279,17,354,279,19,351,276,21,358,277,23,553,458,24,565,445,25,444,476
1694142285.5813475,0,476,269,1,481,258,2,483,258,3,485,257,4,481,258,5,482,258,6,484,257,7,500,259,8,501,259,9,484,277,10,483,278,11,506,306,12,539,316,13,436,299,15,369,278,17,352,278,19,349,276,21,355,277,23,553,458,24,565,444,25,444,477
1694142285.6313477,0,475,269,1,481,259,2,482,258,3,484,258,4,480,258,5,482,258,6,483,257,7,499,259,8,500,259,9,483,278,10,482,278,11,505,306,12,539,316,13,435,298,15,368,278,17,351,277,19,349,276,21,355,276,23,553,457,24,565,443,25,444,477
1694142285.6813476,0,475,268,1,481,258,2,482,258,3,484,257,4,480,258,5,481,258,6,483,257,7,499,259,8,500,259,9,482,277,10,481,277,11,504,304,12,538,316,13,435,298,15,370,282,17,352,281,19,350,279,21,355,280,23,551,455,24,566,442,25,444,477
1694142285.7313476,0,475,268,1,481,258,2,482,258,3,484,257,4,480,258,5,481,257,6,483,257,7,498,259,8,500,259,9,482,277,10,481,276,11,502,302,12,537,315,13,435,298,15,374,283,17,361,284,19,361,283,21,365,282,23,550,453,24,567,441,25,444,477
1694142285.7813475,0,474,268,1,480,258,2,482,257,3,484,257,4,480,257,5,481,257,6,483,256,7,498,259,8,500,259,9,481,276,10,480,276,11,501,301,12,536,315,13,436,297,15,377,284,17,365,286,19,365,285,21,369,284,23,549,452,24,567,440,25,444,477
1694142285.8313475,0,474,268,1,480,258,2,482,257,3,484,257,4,480,257,5,481,257,6,483,256,7,498,259,8,500,259,9,481,276,10,480,276,11,502,301,12,536,315,13,436,297,15,378,285,17,367,286,19,367,286,21,371,285,23,548,454,24,567,440,25,444,477
1694142285.8813477,0,474,269,1,480,258,2,482,258,3,483,257,4,480,258,5,481,258,6,483,257,7,496,259,8,500,259,9,481,277,10,480,277,11,497,298,12,537,315,13,431,292,15,376,282,17,363,281,19,363,280,21,368,281,23,547,454,24,567,440,25,444,477
1694142285.9313476,0,474,271,1,479,260,2,480,259,3,481,259,4,479,260,5,481,259,6,483,258,7,494,260,8,499,259,9,480,279,10,480,279,11,494,295,12,536,314,13,430,286,15,372,273,17,359,269,19,359,268,21,363,269,23,546,454,24,568,438,25,444,477
1694142285.9813476,0,474,272,1,479,261,2,480,260,3,481,259,4,479,261,5,481,260,6,483,260,7,493,260,8,498,260,9,480,280,10,480,280,11,492,295,12,536,313,13,429,284,15,372,270,17,357,268,19,357,265,21,362,267,23,545,454,24,568,437,25,444,477,27,469,539
1694142286.0313475,0,474,272,1,479,261,2,480,260,3,481,259,4,479,261,5,481,260,6,483,260,7,493,260,8,498,260,9,480,280,10,480,280,11,491,295,12,536,312,13,428,283,15,371,269,17,357,267,19,357,265,21,362,266,23,545,455,24,568,437,25,444,477,27,470,539
1694142286.0813475,0,474,273,1,478,262,2,479,261,3,480,260,4,479,262,5,481,261,6,483,260,7,492,261,8,498,261,9,479,281,10,480,282,11,491,294,12,536,312,13,425,282,15,370,268,17,355,265,19,355,263,21,360,265,23,545,455,24,569,437,25,443,478,27,470,539
1694142286.1313477,0,474,273,1,478,262,2,479,261,3,480,260,4,479,262,5,481,261,6,483,261,7,492,261,8,497,261,9,479,281,10,480,282,11,490,293,12,534,312,13,425,279,15,369,270,17,354,268,19,354,266,21,359,268,23,547,454,24,569,438,25,443,478,27,468,539
1694142286.1813476,0,474,273,1,479,262,2,479,261,3,480,260,4,479,262,5,481,261,6,483,261,7,492,261,8,498,261,9,479,281,10,481,282,11,490,293,12,533,311,13,425,278,15,369,271,17,354,269,19,354,268,21,359,269,23,548,452,24,568,438,25,443,478,27,468,539
1694142286.2313476,0,474,273,1,479,261,2,480,261,3,480,260,4,480,262,5,482,261,6,484,261,7,492,260,8,498,261,9,479,281,10,481,281,11,490,293,12,532,311,13,425,278,15,369,271,17,354,270,19,354,268,21,359,270,23,548,452,24,568,438,25,443,478,27,468,539
1694142286.2813475,0,474,272,1,478,261,2,479,260,3,480,259,4,479,261,5,481,261,6,483,260,7,492,260,8,497,261,9,478,281,10,480,281,11,489,293,12,531,311,13,424,279,15,369,271,17,353,269,19,353,268,21,359,270,23,549,451,24,569,437,25,443,478,27,469,539
1694142286.3313475,0,472,272,1,477,261,2,478,260,3,479,259,4,478,261,5,479,261,6,482,260,7,492,260,8,495,261,9,477,281,10,478,281,11,489,292,12,529,310,13,425,276,15,367,268,17,349,266,19,349,265,21,355,267,23,552,450,24,568,437,25,443,478,27,470,539
1694142286.3813477,0,471,272,1,476,261,2,478,260,3,479,259,4,477,261,5,479,261,6,481,260,7,491,260,8,495,261,9,476,281,10,478,281,11,488,292,12,528,310,13,425,276,15,365,267,17,348,265,19,348,265,21,354,266,23,552,450,24,571,436,25,443,478,27,470,539
1694142286.4313476,0,471,272,1,476,260,2,477,259,3,479,259,4,477,261,5,479,260,6,481,260,7,491,260,8,494,261,9,476,280,10,477,281,11,489,292,12,527,310,13,425,276,15,365,268,17,348,265,19,347,265,21,354,267,23,553,450,24,571,437,25,443,478,27,469,539
1694142286.4813476,0,470,272,1,475,260,2,476,259,3,478,259,4,476,261,5,477,260,6,479,260,7,491,260,8,493,261,9,475,280,10,476,281,11,490,291,12,524,309,13,425,275,15,363,267,17,347,265,19,345,265,21,351,266,23,553,450,24,570,438,25,442,478,27,470,539
1694142286.5313475,0,469,272,1,474,260,2,476,259,3,477,259,4,475,261,5,476,260,6,478,260,7,491,260,8,492,261,9,474,280,10,475,281,11,490,291,12,523,309,13,424,275,15,362,267,17,346,265,19,344,265,21,350,266,23,554,450,24,569,438,25,442,477,27,470,539
1694142286.5813475,0,468,271,1,473,260,2,475,259,3,477,258,4,474,260,5,476,260,6,478,259,7,491,260,8,492,261,9,472,280,10,473,280,11,490,291,12,522,308,13,424,275,15,362,267,17,345,265,19,344,264,21,350,266,23,554,450,24,568,438,25,442,476,27,471,539
1694142286.6313477,0,467,271,1,473,260,2,474,259,3,476,258,4,473,260,5,475,259,6,477,259,7,491,260,8,492,261,9,471,280,10,472,280,11,490,291,12,522,308,13,423,275,15,361,267,17,345,265,19,343,265,21,350,267,23,555,450,24,567,438,25,441,476
1694142286.6813476,0,466,271,1,472,259,2,473,259,3,475,258,4,473,260,5,474,259,6,477,258,7,490,260,8,491,261,9,471,279,10,471,280,11,490,291,12,522,308,13,424,275,15,362,267,17,345,265,19,344,265,21,350,267,23,555,450,24,567,438,25,440,476
1694142286.7313476,0,466,271,1,472,259,2,474,259,3,475,258,4,473,259,5,475,259,6,477,258,7,490,260,8,491,261,9,471,279,10,472,280,11,490,291,12,522,307,13,425,279,15,364,269,17,347,272,19,348,273,21,355,274,23,555,450,24,567,438,25,440,476
1694142286.7813475,0,466,271,1,472,259,2,474,258,3,475,258,4,473,259,5,475,259,6,477,258,7,490,260,8,492,260,9,471,279,10,472,280,11,490,292,12,522,307,13,426,287,15,366,275,17,350,282,19,355,323,21,362,285,23,555,451,24,567,438,25,439,476
1694142286.8313475,0,466,271,1,472,259,2,474,258,3,475,258,4,473,259,5,475,259,6,477,258,7,490,260,8,492,260,9,471,279,10,472,280,11,490,293,12,522,307,13,426,290,15,368,338,17,354,341,19,355,344,21,363,341,23,555,452,24,567,438,25,439,476
1694142286.8813477,0,466,270,1,472,259,2,474,258,3,475,257,4,473,259,5,475,258,6,477,258,7,490,260,8,492,260,9,471,279,10,472,279,11,491,293,12,522,307,13,427,300,15,368,347,17,355,350,19,355,350,21,362,350,23,555,452,24,567,437,25,439,476
1694142286.9313476,0,467,270,1,473,258,2,474,258,3,476,257,4,473,258,5,475,258,6,477,257,7,491,260,8,492,260,9,472,278,10,473,279,11,492,293,12,522,307,13,427,297,15,369,337,17,356,339,19,355,340,21,363,340,23,554,452,24,567,437,25,439,475
1694142286.9813476,0,468,269,1,473,258,2,475,257,3,476,257,4,474,258,5,476,258,6,478,257,7,491,259,8,492,259,9,472,278,10,474,279,11,492,293,12,522,307,13,427,295,15,369,336,17,357,338,19,355,338,21,364,338,23,554,452,24,567,437,25,439,476
1694142287.0313475,0,468,269,1,474,258,2,475,257,3,476,257,4,474,258,5,476,258,6,478,257,7,491,259,8,493,259,9,473,278,10,474,278,11,492,293,12,522,307,13,427,293,15,370,341,17,357,343,19,355,343,21,364,343,23,554,452,24,567,437,25,439,476
1694142287.0813475,0,470,267,1,475,257,2,477,256,3,478,256,4,476,257,5,478,257,6,480,256,7,492,258,8,493,258,9,474,276,10,476,277,11,493,292,12,522,307,13,427,281,15,370,272,17,356,273,19,354,272,21,362,274,23,555,453,24,568,437,25,439,477
1694142287.1313477,0,470,267,1,476,256,2,477,255,3,478,254,4,476,256,5,478,256,6,480,256,7,493,257,8,493,257,9,474,275,10,476,276,11,494,289,12,522,307,13,430,271,15,372,255,17,355,253,19,354,251,21,361,254,23,556,453,24,568,437,25,439,477
1694142287.1813476,0,472,267,1,476,255,2,478,255,3,479,254,4,477,256,5,479,256,6,481,255,7,493,256,8,494,256,9,476,275,10,477,276,11,495,288,12,523,306,13,433,269,15,374,253,17,355,251,19,354,250,21,361,253,23,557,454,24,568,437,25,440,477
1694142287.2313476,0,472,267,1,477,255,2,478,254,3,479,253,4,478,256,5,479,255,6,481,255,7,493,255,8,494,256,9,476,275,10,478,276,11,496,288,12,523,305,13,435,269,15,373,253,17,355,251,19,354,250,21,360,253,23,558,455,24,568,438,25,440,477
1694142287.2813475,0,472,266,1,477,254,2,478,254,3,479,253,4,478,255,5,479,255,6,481,254,7,493,254,8,494,255,9,477,274,10,478,275,11,498,286,12,523,303,13,438,263,15,376,239,17,356,236,19,355,235,21,361,237,23,558,456,24,568,438,25,440,477
1694142287.3313475,0,474,266,1,478,254,2,479,253,3,480,253,4,478,255,5,480,255,6,482,254,7,494,253,8,494,255,9,479,274,10,480,275,11,508,285,12,523,303,13,445,255,15,379,225,17,362,220,19,362,218,21,367,221,23,561,456,24,567,439,25,440,478
1694142287.3813477,0,474,264,1,478,253,2,479,252,3,481,251,4,478,254,5,480,253,6,482,253,7,495,252,8,495,253,9,479,272,10,480,273,11,508,285,12,523,301,13,445,253,15,384,224,17,365,220,19,365,218,21,370,220,23,562,456,24,567,439,25,440,478
1694142287.4313476,0,474,264,1,479,252,2,480,251,3,482,251,4,479,253,5,481,252,6,482,252,7,496,252,8,496,253,9,480,272,10,480,273,11,509,285,12,523,301,13,446,254,15,384,224,17,365,219,19,365,217,21,370,220,23,562,456,24,566,438,25,440,477
1694142287.4813476,0,475,264,1,479,252,2,481,251,3,482,251,4,479,253,5,481,252,6,482,252,7,497,251,8,496,252,9,481,271,10,481,272,11,512,284,12,522,301,13,450,249,15,385,212,17,368,206,19,368,203,21,372,206,23,562,454,24,566,438,25,440,477
1694142287.5313475,0,476,264,1,481,252,2,482,251,3,484,250,4,480,252,5,482,252,6,483,252,7,499,251,8,497,252,9,482,271,10,482,272,11,513,283,12,522,301,13,453,244,15,386,202,17,371,195,19,371,193,21,375,195,23,562,453,24,566,438,25,440,477
1694142287.5813475,0,476,264,1,481,252,2,482,251,3,484,250,4,481,252,5,482,252,6,484,251,7,499,250,8,498,251,9,483,271,10,483,272,11,514,283,12,522,299,13,455,244,15,387,201,17,374,194,19,373,191,21,377,193,23,563,453,24,564,438,25,440,477
1694142287.6313477,0,476,263,1,481,252,2,482,251,3,484,250,4,481,252,5,482,251,6,484,251,7,500,250,8,498,251,9,483,271,10,483,272,11,515,283,12,520,299,13,456,242,15,389,197,17,375,190,19,375,188,21,379,190,23,563,452,24,563,438,25,441,477
1694142287.6813476,0,476,263,1,481,251,2,483,250,3,485,249,4,481,251,5,483,251,6,484,250,7,501,249,8,498,250,9,483,270,10,483,271,11,516,282,12,520,299,13,456,242,15,390,197,17,377,189,19,376,186,21,380,189,23,564,452,24,563,440,25,441,478
1694142287.7313476,0,476,263,1,482,251,2,484,250,3,485,249,4,481,251,5,483,251,6,484,250,7,501,250,8,498,250,9,483,270,10,483,271,11,516,282,12,520,300,13,456,244,15,390,200,17,376,193,19,375,190,21,379,193,23,564,452,24,562,441,25,442,478
1694142287.7813475,0,476,263,1,482,251,2,484,250,3,485,249,4,481,251,5,483,251,6,484,250,7,500,250,8,498,251,9,483,270,10,483,271,11,516,282,12,519,301,13,456,244,15,390,201,17,375,194,19,374,192,21,379,194,23,563,452,24,562,441,25,442,478
1694142287.8313475,0,476,263,1,482,251,2,484,250,3,485,249,4,481,251,5,483,251,6,484,250,7,500,250,8,498,251,9,483,270,10,483,271,11,516,282,12,519,302,13,456,244,15,390,201,17,375,193,19,374,192,21,378,194,23,563,451,24,562,441,25,443,478
1694142287.8813477,0,475,263,1,482,251,2,484,250,3,485,249,4,481,251,5,483,250,6,484,250,7,501,250,8,498,251,9,481,270,10,480,271,11,514,285,12,519,302,13,456,250,15,390,212,17,370,205,19,369,203,21,375,206,23,563,453,24,563,441,25,443,477
1694142287.9313476,0,471,263,1,480,251,2,482,250,3,484,250,4,480,251,5,481,250,6,483,250,7,500,253,8,498,252,9,474,271,10,474,271,11,506,287,12,519,304,13,448,263,15,386,240,17,365,234,19,365,233,21,372,237,23,559,456,24,563,442,25,443,477
1694142287.9813476,0,470,264,1,479,251,2,481,250,3,483,250,4,478,251,5,480,250,6,481,250,7,499,253,8,497,253,9,473,272,10,472,272,11,505,290,12,519,304,13,446,267,15,385,245,17,363,239,19,363,238,21,370,241,23,558,459,24,563,442,25,442,477
1694142288.0313475,0,469,264,1,479,251,2,481,250,3,483,250,4,478,251,5,479,250,6,481,250,7,499,254,8,497,253,9,474,273,10,472,272,11,505,291,12,519,304,13,447,268,15,383,245,17,363,239,19,362,237,21,369,241,23,558,461,24,563,443,25,442,477
1694142288.0813475,0,468,264,1,477,252,2,479,251,3,481,251,4,477,252,5,478,251,6,480,251,7,497,255,8,495,255,9,473,273,10,472,273,11,500,292,12,519,304,13,438,278,15,373,267,17,354,266,19,353,264,21,361,267,23,554,461,24,563,443,25,441,477
1694142288.1313477,0,468,265,1,476,254,2,478,253,3,480,253,4,476,254,5,477,254,6,478,254,7,495,258,8,494,258,9,472,275,10,471,274,11,496,294,12,514,305,13,427,294,15,357,301,17,342,301,19,341,299,21,346,301,23,551,460,24,558,443,25,441,479
1694142288.1813476,0,467,266,1,475,255,2,477,255,3,479,254,4,475,255,5,476,255,6,477,255,7,494,259,8,493,259,9,473,276,10,472,275,11,496,295,12,514,307,13,427,297,15,354,304,17,339,304,19,338,302,21,343,304,23,551,459,24,558,443,25,440,479
1694142288.2313476,0,467,267,1,474,256,2,476,255,3,478,255,4,474,256,5,475,256,6,477,255,7,493,259,8,492,259,9,472,276,10,471,276,11,495,298,12,515,308,13,426,305,15,352,323,17,340,330,19,338,329,21,342,328,23,548,456,24,555,442,25,440,478
1694142288.2813475,0,466,267,1,474,256,2,475,255,3,477,255,4,474,256,5,475,256,6,477,255,7,492,260,8,492,259,9,472,277,10,471,276,11,495,299,12,516,308,13,424,306,15,352,324,17,340,332,19,338,331,21,342,330,23,547,451,24,553,438,25,440,477
1694142288.3313475,0,466,268,1,473,257,2,474,256,3,476,256,4,473,257,5,474,256,6,476,256,7,491,260,8,491,260,9,471,277,10,471,277,11,494,302,12,517,308,13,417,321,15,352,344,17,339,350,19,338,348,21,342,347,23,548,452,24,550,438,25,440,478
1694142288.3813477,0,466,269,1,472,257,2,474,257,3,476,256,4,473,257,5,474,257,6,476,256,7,491,261,8,491,260,9,471,278,10,471,278,11,494,303,12,517,308,13,416,322,15,352,345,17,340,352,19,338,350,21,342,349,23,548,452,24,549,436,25,440,477
1694142288.4313476,0,465,270,1,472,258,2,473,258,3,474,257,4,472,258,5,473,258,6,475,257,7,490,261,8,490,261,9,471,279,10,471,279,11,492,305,12,517,308,13,413,328,15,349,349,17,336,355,19,335,352,21,339,351,23,548,451,24,549,433,25,440,477
1694142288.4813476,0,465,270,1,471,259,2,473,259,3,474,258,4,472,259,5,473,259,6,475,258,7,490,262,8,490,261,9,471,280,10,471,280,11,492,305,12,518,310,13,413,326,15,350,346,17,336,353,19,335,351,21,339,350,23,548,451,24,549,434,25,441,477,27,483,539
1694142288.5313475,0,465,271,1,471,259,2,473,259,3,474,259,4,472,259,5,473,259,6,475,258,7,489,262,8,490,262,9,471,280,10,471,280,11,492,306,12,518,310,13,414,325,15,349,347,17,336,354,19,334,352,21,338,351,23,548,452,24,550,434,25,442,477,27,485,539
1694142288.5813475,0,465,271,1,471,259,2,472,259,3,474,259,4,471,259,5,473,259,6,474,258,7,489,262,8,490,262,9,471,280,10,471,280,11,491,306,12,519,310,13,414,324,15,348,346,17,335,353,19,334,352,21,338,350,23,549,453,24,550,434,25,442,478,27,484,539
1694142288.6313477,0,465,271,1,471,260,2,472,259,3,474,259,4,471,260,5,473,259,6,474,259,7,489,262,8,490,262,9,471,281,10,471,280,11,491,306,12,520,310,13,415,321,15,349,340,17,336,348,19,334,346,21,338,345,23,549,453,24,550,435,25,443,477,27,483,539
1694142288.6813476,0,465,271,1,471,259,2,473,259,3,474,259,4,471,259,5,473,259,6,475,258,7,490,262,8,490,262,9,471,280,10,471,280,11,494,306,12,520,310,13,418,318,15,350,330,17,336,334,19,335,332,21,339,332,23,549,453,24,551,435,25,443,476,27,483,539
1694142288.7313476,0,465,270,1,471,259,2,473,259,3,475,258,4,472,259,5,473,259,6,475,258,7,490,262,8,490,262,9,471,280,10,471,280,11,496,306,12,520,311,13,421,316,15,350,325,17,337,328,19,335,328,21,339,327,23,549,453,24,551,437,25,443,476,27,479,539
1694142288.7813475,0,466,270,1,472,259,2,473,259,3,475,258,4,472,259,5,473,259,6,475,258,7,491,262,8,491,262,9,472,280,10,472,280,11,497,305,12,520,311,13,424,315,15,351,323,17,337,327,19,335,326,21,339,325,23,550,453,24,551,438,25,443,476,27,476,539
1694142288.8313475,0,466,270,1,472,259,2,473,259,3,475,258,4,472,259,5,473,258,6,475,258,7,491,262,8,491,262,9,472,279,10,472,279,11,495,304,12,520,311,13,423,308,15,351,305,17,337,307,19,335,303,21,340,304,23,550,452,24,553,438,25,443,476,27,474,539
1694142288.8813477,0,466,268,1,472,258,2,474,258,3,476,257,4,472,258,5,474,257,6,476,257,7,491,261,8,491,261,9,472,278,10,472,277,11,492,299,12,520,310,13,422,293,15,354,282,17,338,281,19,337,279,21,343,281,23,550,452,24,559,437,25,443,476,27,473,539
1694142288.9313476,0,467,268,1,473,258,2,475,258,3,476,257,4,474,258,5,476,257,6,477,257,7,491,261,8,491,261,9,473,278,10,473,277,11,489,297,12,521,309,13,419,291,15,355,281,17,339,279,19,338,277,21,344,279,23,550,452,24,562,436,25,443,476,27,473,539
1694142288.9813476,0,467,267,1,474,258,2,475,257,3,477,257,4,474,257,5,476,257,6,478,257,7,491,261,8,491,261,9,473,277,10,474,276,11,488,297,12,521,307,13,419,291,15,356,280,17,339,279,19,339,278,21,344,279,23,550,452,24,563,436,25,443,475,27,472,539
1694142289.0313475,0,472,267,1,478,258,2,479,257,3,480,257,4,478,257,5,480,257,6,482,257,7,493,260,8,493,260,9,477,277,10,478,276,11,489,292,12,522,306,13,423,279,15,358,265,17,342,264,19,341,262,21,347,264,23,550,453,24,565,436,25,442,476,27,473,539
1694142289.0813475,0,477,267,1,481,257,2,482,257,3,483,256,4,481,257,5,483,257,6,484,256,7,494,258,8,495,258,9,481,277,10,482,276,11,495,291,12,523,305,13,432,272,15,364,252,17,347,249,19,347,247,21,353,249,23,553,453,24,565,436,25,442,476,27,476,539
1694142289.1313477,0,478,268,1,482,258,2,483,257,3,484,256,4,482,258,5,484,257,6,485,257,7,495,258,8,496,258,9,482,278,10,483,277,11,498,290,12,524,305,13,435,272,15,366,252,17,350,248,19,349,246,21,354,249,23,553,453,24,565,436,25,442,476,27,476,539
1694142289.1813476,0,477,268,1,481,257,2,482,257,3,484,256,4,482,257,5,483,257,6,485,257,7,496,258,8,496,258,9,481,277,10,482,277,11,499,290,12,524,305,13,435,271,15,367,252,17,350,248,19,349,246,21,355,249,23,554,452,24,566,436,25,442,476,27,476,539
1694142289.2313476,0,477,267,1,481,256,2,482,255,3,484,254,4,482,256,5,483,256,6,485,255,7,496,256,8,497,257,9,481,276,10,482,276,11,501,287,12,524,304,13,436,265,15,370,239,17,353,236,19,352,234,21,357,236,23,556,453,24,566,436,25,442,476,27,475,539
1694142289.2813475,0,477,265,1,482,254,2,483,254,3,485,253,4,482,255,5,484,254,6,485,254,7,499,255,8,498,255,9,482,274,10,482,275,11,506,286,12,524,304,13,442,259,15,375,227,17,356,225,19,355,223,21,361,224,23,557,453,24,565,436,25,442,476,27,474,539
1694142289.3313475,0,477,264,1,482,253,2,484,253,3,486,252,4,482,254,5,484,253,6,485,253,7,500,254,8,499,254,9,482,273,10,482,274,11,510,287,12,524,304,13,447,259,15,378,225,17,358,223,19,357,221,21,363,223,23,560,454,24,562,438,25,442,476,27,473,539
1694142289.3813477,0,477,262,1,482,251,2,484,251,3,485,250,4,482,251,5,484,251,6,485,251,7,500,253,8,499,253,9,482,271,10,482,272,11,509,287,12,524,301,13,444,256,15,377,225,17,358,221,19,357,220,21,363,223,23,560,457,24,562,438,25,441,476
1694142289.4313476,0,477,262,1,483,251,2,485,250,3,486,250,4,483,251,5,484,251,6,486,251,7,501,253,8,500,253,9,483,271,10,483,271,11,512,287,12,524,301,13,447,254,15,381,219,17,363,215,19,362,213,21,368,214,23,560,457,24,561,438,25,441,475
1694142289.4813476,0,478,262,1,483,250,2,485,250,3,487,249,4,483,251,5,485,250,6,486,250,7,502,252,8,501,252,9,483,271,10,483,271,11,514,287,12,524,299,13,451,251,15,385,212,17,368,206,19,367,204,21,372,207,23,562,457,24,562,438,25,440,475
1694142289.5313475,0,478,260,1,484,249,2,486,249,3,488,248,4,484,249,5,485,249,6,487,249,7,503,251,8,501,251,9,484,269,10,483,269,11,515,287,12,523,298,13,453,250,15,386,212,17,369,206,19,369,204,21,374,206,23,562,457,24,562,438,25,440,474
1694142289.5813475,0,479,260,1,485,249,2,487,248,3,489,248,4,485,249,5,486,249,6,488,248,7,504,251,8,502,251,9,484,268,10,484,268,11,518,287,12,521,298,13,454,250,15,387,212,17,370,205,19,370,203,21,375,206,23,563,456,24,562,438,25,440,474
1694142289.6313477,0,479,259,1,485,248,2,487,247,3,489,247,4,485,248,5,486,248,6,488,248,7,504,250,8,502,250,9,484,267,10,484,267,11,518,286,12,519,298,13,456,247,15,389,206,17,373,198,19,372,196,21,377,199,23,564,455,24,561,438,25,440,474
1694142289.6813476,0,479,259,1,485,248,2,487,248,3,489,247,4,485,248,5,486,248,6,488,248,7,504,250,8,502,251,9,484,267,10,484,267,11,518,285,12,519,298,13,458,245,15,391,201,17,376,194,19,375,191,21,379,193,23,564,455,24,560,438,25,440,474
1694142289.7313476,0,479,259,1,485,248,2,487,247,3,489,247,4,485,248,5,486,248,6,488,248,7,504,250,8,502,250,9,484,267,10,484,267,11,518,285,12,519,298,13,459,245,15,390,200,17,375,193,19,375,191,21,379,193,23,564,455,24,560,438,25,440,475
1694142289.7813475,0,479,259,1,485,248,2,487,247,3,488,247,4,485,248,5,486,248,6,488,248,7,504,250,8,502,250,9,484,267,10,484,267,11,519,285,12,519,298,13,459,245,15,391,200,17,376,193,19,375,191,21,379,193,23,564,455,24,560,438,25,440,475
1694142289.8313475,0,479,259,1,485,248,2,487,247,3,489,247,4,485,248,5,486,248,6,488,248,7,504,250,8,502,250,9,485,267,10,484,267,11,519,285,12,519,298,13,458,245,15,391,200,17,375,192,19,375,189,21,379,192,23,564,455,24,560,439,25,441,475
1694142289.8813477,0,478,259,1,485,248,2,487,247,3,489,247,4,484,248,5,486,248,6,487,247,7,504,250,8,502,250,9,483,267,10,482,268,11,519,286,12,520,299,13,457,249,15,391,210,17,371,200,19,371,198,21,377,202,23,562,456,24,560,439,25,441,476
1694142289.9313476,0,477,259,1,485,248,2,487,247,3,489,247,4,484,248,5,485,247,6,487,247,7,504,250,8,502,250,9,482,268,10,481,268,11,518,286,12,520,299,13,455,251,15,390,215,17,370,204,19,369,202,21,376,207,23,560,458,24,560,440,25,441,475
1694142289.9813476,0,477,259,1,485,248,2,487,247,3,489,247,4,484,248,5,485,247,6,487,247,7,504,250,8,502,250,9,482,268,10,480,268,11,517,286,12,521,299,13,454,252,15,390,217,17,369,207,19,369,205,21,375,209,23,559,458,24,560,440,25,442,476
1694142290.0313475,0,475,260,1,484,249,2,486,248,3,488,248,4,483,249,5,484,248,6,486,248,7,504,252,8,502,252,9,480,270,10,478,270,11,511,288,12,521,302,13,450,267,15,379,253,17,358,250,19,357,250,21,366,253,23,556,459,24,564,445,25,441,476
1694142290.0813475,0,475,262,1,484,250,2,486,250,3,488,250,4,483,250,5,484,250,6,486,250,7,503,255,8,501,255,9,480,272,10,478,272,11,509,293,12,521,307,13,442,292,15,360,298,17,343,302,19,341,301,21,347,301,23,555,459,24,564,445,25,441,477
1694142290.1313477,0,475,263,1,484,252,2,485,251,3,487,251,4,483,252,5,484,252,6,486,251,7,503,256,8,501,256,9,480,273,10,478,273,11,507,294,12,521,309,13,434,296,15,355,303,17,339,305,19,338,304,21,344,305,23,555,458,24,564,445,25,441,477
1694142290.1813476,0,475,264,1,483,253,2,485,252,3,487,252,4,483,253,5,484,253,6,486,252,7,503,257,8,501,257,9,480,274,10,479,274,11,507,294,12,521,312,13,435,297,15,355,303,17,338,305,19,338,304,21,344,304,23,555,456,24,562,444,25,441,477
1694142290.2313476,0,473,266,1,481,255,2,483,254,3,484,254,4,481,255,5,482,254,6,484,254,7,499,258,8,499,258,9,479,276,10,478,276,11,504,298,12,522,311,13,429,312,15,354,330,17,340,337,19,339,336,21,344,336,23,553,456,24,555,444,25,443,479
1694142290.2813475,0,472,270,1,478,258,2,479,258,3,480,257,4,479,258,5,480,258,6,482,257,7,494,260,8,496,260,9,478,279,10,478,279,11,497,303,12,523,311,13,419,329,15,352,352,17,338,358,19,337,356,21,341,355,23,549,455,24,552,441,25,443,479
1694142290.3313475,0,470,271,1,476,260,2,477,259,3,479,258,4,477,260,5,478,259,6,480,258,7,493,261,8,495,261,9,477,280,10,477,280,11,496,304,12,523,311,13,419,329,15,352,354,17,337,360,19,336,357,21,341,357,23,547,454,24,551,438,25,443,479
1694142290.3813477,0,469,271,1,475,259,2,476,259,3,477,258,4,475,259,5,477,259,6,478,258,7,492,261,8,494,261,9,475,280,10,476,280,11,493,305,12,523,311,13,414,330,15,349,356,17,334,360,19,334,357,21,338,357,23,546,453,24,551,436,25,443,479,27,475,539
1694142290.4313476,0,465,273,1,471,261,2,472,260,3,474,260,4,472,261,5,474,260,6,476,260,7,488,262,8,491,262,9,472,282,10,473,282,11,489,308,12,524,313,13,410,337,15,345,362,17,332,367,19,332,363,21,336,363,23,542,453,24,552,436,25,443,479,27,474,539
1694142290.4813476,0,463,275,1,468,263,2,469,262,3,470,262,4,469,263,5,471,262,6,473,261,7,484,264,8,488,263,9,469,283,10,470,284,11,484,310,12,525,314,13,407,340,15,342,363,17,330,367,19,330,364,21,334,364,23,540,454,24,551,436,25,443,481,27,474,539,29,492,539
1694142290.5313475,0,462,275,1,467,263,2,468,262,3,469,262,4,468,263,5,470,262,6,472,261,7,483,264,8,487,264,9,468,283,10,469,283,11,484,310,12,525,313,13,407,340,15,344,363,17,331,367,19,330,364,21,334,363,23,541,453,24,550,435,25,443,481,27,474,539,29,492,539
1694142290.5813475,0,462,275,1,467,263,2,468,262,3,469,262,4,467,263,5,469,262,6,471,261,7,483,264,8,486,264,9,468,283,10,469,283,11,485,310,12,525,313,13,409,340,15,344,363,17,331,368,19,330,365,21,334,364,23,542,454,24,549,436,25,443,480,27,475,539,29,494,539,31,427,539
1694142290.6313477,0,461,275,1,466,263,2,467,262,3,469,262,4,467,263,5,468,262,6,470,262,7,483,264,8,485,264,9,468,283,10,469,283,11,485,311,12,524,313,13,409,339,15,344,361,17,330,366,19,330,362,21,334,361,23,542,455,24,549,436,25,443,480,27,477,539,29,495,539,31,429,539
1694142290.6813476,0,461,275,1,466,263,2,467,262,3,468,262,4,466,263,5,468,262,6,470,262,7,483,264,8,485,264,9,468,283,10,469,283,11,486,311,12,524,312,13,409,339,15,344,358,17,330,363,19,329,359,21,334,358,23,542,455,24,549,436,25,443,480,27,477,539,29,495,539,31,430,539
1694142290.7313476,0,461,275,1,466,263,2,467,263,3,469,262,4,466,263,5,468,262,6,469,262,7,483,264,8,485,264,9,468,284,10,469,283,11,487,310,12,522,311,13,409,338,15,345,356,17,330,361,19,330,358,21,334,357,23,542,455,24,549,435,25,443,480,27,477,539,29,496,539,31,432,539
1694142290.7813475,0,462,275,1,466,263,2,467,263,3,469,262,4,466,263,5,468,263,6,469,262,7,483,264,8,485,264,9,468,284,10,469,283,11,487,310,12,521,310,13,409,338,15,345,356,17,330,361,19,330,358,21,334,357,23,543,453,24,549,433,25,443,479,27,481,539,29,501,539,31,440,539
1694142290.8313475,0,462,275,1,466,263,2,468,263,3,469,262,4,467,263,5,468,262,6,470,262,7,484,264,8,485,264,9,469,283,10,469,283,11,487,311,12,523,310,13,411,343,15,347,355,17,334,360,19,336,355,21,341,355,23,544,453,24,549,433,25,443,479,27,484,539,29,502,539,31,445,539
1694142290.8813477,0,463,271,1,468,259,2,469,258,3,471,258,4,468,259,5,469,258,6,470,258,7,487,261,8,486,261,9,470,280,10,470,280,11,500,311,12,523,310,13,441,353,15,363,354,17,349,357,19,352,351,21,357,353,23,545,458,24,549,439,25,442,479,27,473,539,29,491,539,31,433,539
1694142290.9313476,0,464,269,1,469,257,2,471,257,3,473,256,4,468,257,5,470,257,6,471,256,7,488,260,8,487,259,9,471,278,10,470,278,11,501,311,12,523,309,13,445,355,15,368,353,17,353,355,19,355,348,21,361,352,23,544,458,24,549,439,25,441,479,27,468,539,29,486,539,31,428,539
1694142290.9813476,0,465,268,1,471,257,2,473,256,3,475,256,4,470,257,5,471,256,6,472,256,7,489,260,8,488,259,9,472,277,10,471,278,11,502,311,12,523,309,13,446,356,15,370,353,17,355,354,19,357,347,21,362,351,23,544,459,24,549,440,25,441,479,27,468,539,29,486,539,31,427,539
1694142291.0313475,0,469,268,1,474,256,2,476,256,3,478,255,4,472,256,5,473,256,6,474,255,7,493,258,8,491,258,9,477,277,10,474,277,11,508,310,12,524,309,13,474,370,15,395,370,17,380,372,19,383,364,21,387,366,23,545,459,24,552,441,25,441,480,27,469,539,29,487,539,31,428,539
1694142291.0813475,0,472,267,1,477,255,2,479,255,3,481,254,4,475,255,5,476,255,6,477,254,7,496,257,8,494,256,9,481,275,10,478,276,11,518,310,12,525,308,13,498,390,15,427,403,17,416,410,19,413,403,21,418,401,23,546,454,24,552,436,25,441,479,27,469,539,29,487,539,31,432,539
1694142291.1313477,0,474,267,1,478,255,2,480,255,3,481,254,4,476,255,5,477,255,6,478,254,7,497,256,8,495,256,9,483,275,10,481,276,11,520,310,12,525,307,13,501,393,15,428,406,17,417,413,19,414,405,21,419,403,23,547,452,24,551,434,25,441,479,27,470,539,29,488,539,31,436,539
1694142291.1813476,0,474,266,1,477,255,2,479,254,3,481,254,4,476,255,5,477,254,6,478,254,7,497,256,8,494,255,9,482,275,10,480,275,11,520,311,12,526,307,13,501,394,15,428,408,17,418,415,19,415,407,21,420,405,23,547,452,24,550,433,25,441,479,27,469,539,29,488,539,31,435,539
1694142291.2313476,0,475,266,1,480,255,2,481,254,3,483,254,4,478,255,5,479,254,6,480,254,7,500,256,8,497,255,9,485,275,10,482,275,11,531,312,12,527,308,13,529,402,15,451,425,17,438,432,19,435,424,21,439,422,23,556,454,24,550,442,25,441,478,27,470,539,29,488,539,31,435,539
1694142291.2813475,0,482,265,1,486,253,2,488,253,3,490,252,4,485,254,5,486,253,6,487,253,7,507,254,8,504,254,9,491,274,10,489,275,11,539,313,12,530,310,13,538,408,15,463,433,17,447,444,19,442,436,21,446,434,23,556,459,24,546,447,25,440,477,27,469,539,29,488,539,31,434,539
1694142291.3313475,0,483,265,1,487,253,2,489,253,3,491,252,4,486,253,5,487,253,6,488,252,7,508,254,8,504,253,9,493,275,10,490,275,11,542,313,12,532,311,13,536,409,15,462,434,17,447,446,19,442,437,21,446,434,23,557,461,24,546,449,25,440,475,27,468,539,29,488,539,31,434,539
1694142291.3813477,0,484,265,1,488,253,2,490,253,3,492,252,4,487,254,5,488,253,6,490,252,7,508,254,8,505,253,9,494,275,10,492,275,11,544,313,12,532,311,13,537,409,15,462,434,17,447,447,19,442,438,21,446,435,23,557,462,24,544,450,25,441,474,27,466,539,29,485,539,31,430,539
1694142291.4313476,0,494,263,1,498,251,2,500,251,3,502,250,4,497,251,5,497,251,6,498,250,7,519,252,8,515,252,9,503,273,10,500,274,11,553,314,12,533,311,13,543,408,15,472,435,17,454,451,19,449,440,21,453,436,23,558,464,24,543,449,25,441,474,27,464,539,29,484,539,31,429,539
1694142291.4813476,0,503,260,1,508,249,2,510,248,3,513,248,4,506,249,5,507,248,6,508,248,7,530,251,8,525,250,9,512,271,10,509,271,11,561,316,12,539,310,13,552,410,15,474,438,17,456,455,19,452,444,21,456,439,23,559,466,24,542,448,25,441,475,27,465,539,29,485,539,31,434,539
1694142291.5313475,0,505,261,1,511,249,2,513,248,3,515,248,4,508,249,5,509,249,6,510,248,7,532,251,8,527,250,9,515,271,10,511,271,11,563,317,12,540,309,13,550,410,15,476,439,17,458,455,19,454,443,21,458,438,23,559,466,24,540,446,25,441,477,27,464,539,29,483,539,31,433,539
1694142291.5813475,0,504,260,1,510,249,2,512,249,3,515,248,4,507,249,5,508,249,6,509,248,7,531,251,8,525,250,9,514,271,10,510,271,11,563,319,12,540,308,13,549,410,15,477,438,17,459,454,19,455,442,21,460,438,23,559,465,24,539,443,25,441,477,27,464,539,29,483,539,31,432,539
1694142291.6313477,0,511,261,1,517,249,2,519,249,3,521,248,4,514,249,5,515,249,6,515,249,7,537,251,8,532,250,9,520,271,10,516,271,11,570,321,12,544,309,13,555,413,15,483,440,17,465,455,19,461,445,21,467,440,23,559,468,24,539,444,25,440,479,27,470,539,29,491,539,31,452,539
1694142291.6813476,0,514,263,1,519,252,2,521,251,3,523,251,4,516,252,5,517,252,6,518,252,7,540,251,8,535,251,9,526,274,10,522,274,11,578,320,12,552,309,13,562,414,15,488,441,17,471,456,19,465,448,21,471,442,23,561,471,24,539,450,25,441,479,27,475,539,29,494,539,31,456,539
1694142291.7313476,0,516,264,1,519,253,2,521,252,3,524,251,4,517,254,5,518,253,6,519,253,7,541,251,8,537,251,9,527,275,10,524,275,11,579,320,12,555,309,13,563,414,15,489,441,17,472,456,19,467,447,21,473,442,23,560,471,24,540,452,25,441,480,27,477,539,29,496,539,31,463,539
1694142291.7813475,0,516,265,1,519,253,2,521,252,3,523,252,4,517,254,5,518,253,6,520,253,7,540,251,8,538,251,9,526,275,10,524,275,11,577,320,12,558,309,13,563,414,15,489,441,17,472,456,19,467,447,21,473,442,23,560,471,24,542,452,25,441,480,27,478,539,29,498,539,31,463,539
1694142291.8313475,0,523,271,1,524,260,2,526,260,3,528,259,4,522,261,5,523,261,6,523,261,7,545,255,8,541,257,9,535,282,10,533,284,11,589,320,12,566,311,13,575,415,15,497,442,17,480,456,19,474,448,21,481,442,23,563,474,24,545,456,25,442,479,27,479,539,29,500,539,31,467,539
1694142291.8813477,0,523,273,1,524,262,2,526,261,3,528,260,4,522,262,5,523,262,6,524,262,7,544,257,8,540,258,9,534,282,10,533,284,11,588,320,12,569,311,13,576,415,15,498,441,17,481,455,19,475,447,21,481,442,23,563,473,24,547,454,25,442,479,27,479,539,29,499,539,31,465,539
1694142291.9313476,0,523,276,1,524,265,2,525,264,3,527,263,4,522,265,5,522,265,6,523,264,7,544,259,8,541,260,9,534,284,10,532,286,11,587,320,12,570,311,13,576,415,15,498,441,17,482,455,19,476,447,21,482,442,23,563,472,24,547,454,25,442,479,27,478,539,29,498,539,31,464,539
1694142291.9813476,0,525,275,1,526,264,2,528,263,3,530,262,4,525,264,5,526,264,6,526,263,7,547,258,8,545,259,9,535,284,10,534,285,11,588,320,12,573,311,13,576,414,15,499,442,17,482,456,19,476,448,21,482,443,23,563,472,24,547,453,25,442,479,29,498,539,31,465,539
1694142292.0313475,0,529,269,1,532,257,2,534,257,3,536,256,4,530,258,5,531,258,6,532,258,7,552,255,8,549,256,9,538,279,10,537,280,11,590,319,12,572,310,13,576,414,15,499,443,17,483,457,19,477,450,21,483,445,23,563,472,24,547,453,25,442,479,29,498,539,31,467,539
1694142292.0813475,0,530,267,1,533,256,2,535,255,3,537,254,4,532,256,5,533,256,6,534,256,7,554,255,8,551,255,9,539,277,10,537,278,11,591,318,12,572,310,13,576,414,15,499,443,17,484,458,19,477,451,21,482,446,23,563,472,24,547,453,25,442,479,29,497,539
1694142292.1313477,0,531,267,1,534,256,2,536,255,3,538,255,4,532,256,5,533,256,6,534,256,7,554,255,8,551,255,9,540,277,10,538,278,11,591,318,12,571,310,13,576,413,15,498,444,17,484,458,19,477,451,21,482,447,23,562,473,24,547,453,25,442,479,29,497,539
1694142292.1813476,0,532,265,1,536,253,2,538,253,3,540,252,4,534,254,5,535,254,6,536,254,7,556,253,8,553,254,9,541,276,10,539,276,11,591,318,12,571,309,13,577,413,15,500,445,17,485,458,19,479,452,21,484,447,23,562,473,24,547,453,25,442,480,29,497,539
1694142292.2313476,0,533,263,1,537,252,2,539,251,3,541,251,4,535,252,5,536,252,6,537,252,7,557,253,8,554,253,9,541,274,10,539,274,11,592,318,12,570,309,13,577,413,15,501,445,17,486,458,19,479,452,21,485,447,23,563,474,24,546,453,25,443,481,29,497,539
1694142292.2813475,0,533,262,1,538,251,2,539,250,3,542,250,4,536,251,5,536,251,6,537,250,7,558,252,8,554,252,9,541,273,10,539,274,11,592,318,12,569,309,13,577,413,15,501,446,17,486,458,19,479,452,21,485,448,23,563,474,24,546,453,25,443,482,29,497,539
1694142292.3313475,0,533,262,1,538,250,2,539,250,3,542,249,4,536,250,5,536,250,6,537,250,7,558,252,8,554,252,9,541,273,10,539,273,11,592,318,12,569,309,13,577,413,15,501,446,17,486,458,19,480,452,21,485,448,23,563,474,24,545,453,25,443,482,29,498,539
1694142292.3813477,0,533,262,1,538,250,2,539,250,3,542,250,4,536,250,5,536,250,6,537,250,7,558,252,8,554,251,9,541,273,10,539,273,11,593,318,12,569,309,13,577,413,15,502,446,17,486,458,19,480,452,21,485,448,23,563,474,24,545,453,25,443,483,29,498,539
1694142292.4313476,0,533,263,1,537,251,2,539,251,3,541,251,4,535,251,5,536,251,6,536,251,7,557,252,8,553,252,9,541,273,10,539,274,11,593,318,12,569,309,13,577,413,15,502,446,17,487,458,19,480,452,21,485,448,23,563,474,24,545,453,25,444,483,29,498,539
1694142292.4813476,0,532,263,1,536,252,2,538,251,3,540,251,4,535,251,5,535,251,6,536,251,7,556,252,8,553,252,9,541,273,10,539,274,11,592,318,12,569,309,13,577,413,15,501,446,17,486,458,19,480,453,21,485,448,23,563,475,24,544,453,25,444,483,29,498,539
1694142292.5313475,0,532,263,1,536,252,2,538,251,3,540,251,4,534,252,5,535,251,6,536,251,7,556,252,8,553,252,9,540,273,10,538,274,11,592,318,12,569,309,13,577,413,15,501,446,17,486,459,19,480,453,21,485,449,23,563,475,24,544,453,25,445,483,29,498,539
1694142292.5813475,0,529,264,1,532,253,2,534,253,3,536,252,4,531,253,5,531,253,6,532,252,7,553,253,8,550,253,9,538,274,10,537,275,11,592,318,12,568,310,13,577,413,15,501,446,17,486,459,19,479,454,21,484,449,23,563,475,24,544,452,25,446,483,29,500,539
1694142292.6313477,0,526,268,1,527,257,2,529,257,3,531,256,4,526,258,5,526,257,6,527,257,7,548,255,8,544,255,9,536,278,10,534,279,11,590,318,12,566,310,13,576,414,15,501,447,17,486,460,19,479,454,21,484,450,23,563,475,24,544,452,25,446,483,29,501,539
1694142292.6813476,0,525,270,1,526,259,2,528,259,3,530,258,4,524,260,5,525,259,6,525,259,7,546,256,8,541,257,9,536,280,10,533,282,11,590,318,12,563,310,13,576,414,15,501,447,17,486,460,19,479,454,21,484,450,23,563,475,24,544,452,25,447,483,29,502,539
1694142292.7313476,0,523,270,1,525,260,2,527,259,3,529,259,4,523,260,5,523,260,6,524,259,7,545,257,8,541,257,9,534,281,10,532,282,11,589,318,12,562,310,13,576,414,15,501,447,17,486,460,19,479,454,21,484,450,23,563,475,24,544,452,25,447,483,29,502,539
1694142292.7813475,0,521,270,1,522,260,2,524,259,3,527,258,4,521,260,5,521,259,6,522,259,7,543,257,8,538,257,9,532,281,10,530,282,11,587,317,12,561,310,13,575,414,15,501,447,17,486,460,19,479,455,21,484,451,23,563,475,24,543,452,25,447,483,29,502,539
1694142292.8313475,0,520,270,1,522,259,2,524,259,3,526,258,4,521,259,5,521,259,6,522,258,7,542,257,8,539,257,9,531,280,10,529,282,11,586,318,12,560,310,13,575,414,15,501,448,17,486,461,19,479,456,21,484,451,23,563,475,24,543,452,25,447,484,29,502,539
1694142292.8813477,0,520,270,1,522,260,2,524,259,3,526,259,4,521,260,5,521,259,6,522,258,7,542,258,8,539,257,9,531,281,10,529,282,11,586,317,12,560,310,13,575,414,15,500,448,17,486,462,19,479,456,21,483,452,23,563,476,24,542,452,25,447,484,29,501,539
1694142292.9313476,0,520,270,1,522,260,2,524,259,3,526,259,4,521,260,5,521,259,6,522,258,7,542,258,8,539,258,9,531,281,10,529,282,11,585,317,12,560,310,13,575,414,15,500,448,17,486,462,19,479,457,21,483,452,23,563,476,24,542,452,25,447,484,29,500,539
1694142292.9813476,0,521,271,1,523,260,2,525,260,3,527,259,4,522,260,5,522,259,6,523,259,7,542,259,8,539,258,9,531,281,10,529,282,11,585,318,12,560,311,13,575,414,15,499,448,17,485,462,19,478,457,21,482,452,23,563,476,24,542,452,25,447,484,29,501,539
1694142293.0313475,0,524,271,1,528,260,2,530,259,3,532,259,4,526,260,5,527,259,6,527,259,7,547,259,8,542,258,9,534,281,10,532,282,11,588,318,12,561,311,13,575,414,15,498,448,17,484,462,19,477,457,21,481,452,23,563,476,24,543,452,25,447,484,29,500,539,31,465,539
1694142293.0813475,0,527,272,1,531,261,2,533,260,3,535,260,4,529,260,5,529,260,6,530,259,7,549,260,8,544,259,9,536,282,10,534,282,11,590,318,12,561,311,13,575,414,15,498,448,17,484,462,19,477,457,21,481,452,23,563,476,24,543,452,25,447,485,29,499,539,31,464,539
1694142293.1313477,0,528,272,1,532,261,2,534,260,3,536,260,4,530,261,5,531,260,6,531,260,7,550,260,8,545,259,9,537,282,10,535,283,11,591,319,12,562,311,13,575,414,15,497,448,17,483,462,19,477,457,21,481,452,23,563,476,24,543,452,25,447,485,29,498,539,31,464,539
1694142293.1813476,0,535,272,1,539,260,2,541,260,3,543,260,4,537,261,5,537,260,6,537,259,7,556,261,8,548,260,9,544,283,10,541,283,11,594,318,12,562,311,13,575,414,15,497,448,17,483,462,19,477,456,21,481,452,23,564,476,24,543,451,25,447,485,29,498,539
1694142293.2313476,0,540,271,1,544,259,2,546,259,3,549,259,4,541,260,5,541,260,6,541,259,7,562,261,8,552,260,9,549,281,10,544,282,11,597,318,12,564,310,13,575,412,15,497,448,17,483,462,19,477,456,21,481,452,23,565,475,24,543,449,25,447,485,29,498,539,31,464,539
1694142293.2813475,0,543,271,1,548,259,2,550,259,3,552,259,4,545,260,5,544,260,6,544,259,7,565,261,8,554,261,9,552,281,10,547,281,11,598,318,12,567,310,13,575,411,15,497,448,17,483,462,19,477,456,21,481,452,23,566,475,24,544,448,25,447,485,29,498,539,31,463,539
1694142293.3313475,0,544,271,1,548,259,2,550,259,3,552,259,4,544,259,5,544,259,6,544,259,7,565,261,8,554,261,9,552,281,10,547,281,11,599,317,12,566,310,13,575,410,15,497,448,17,483,462,19,477,456,21,481,452,23,566,475,24,544,448,25,447,485,29,498,539,31,463,539
1694142293.3813477,0,544,267,1,549,255,2,551,255,3,554,255,4,546,256,5,545,256,6,545,256,7,568,260,8,556,259,9,553,277,10,548,277,11,601,317,12,568,310,13,574,409,15,497,448,17,483,462,19,476,457,21,480,452,23,566,474,24,544,448,25,447,486,29,498,539,31,462,539
1694142293.4313476,0,547,264,1,552,254,2,554,254,3,556,254,4,549,254,5,549,255,6,549,255,7,570,260,8,561,259,9,555,275,10,550,275,11,602,316,12,571,310,13,573,407,15,497,448,17,483,463,19,476,457,21,480,452,23,567,474,24,545,448,25,446,487,29,498,539
1694142293.4813476,0,547,264,1,552,253,2,554,253,3,557,253,4,549,254,5,549,254,6,548,254,7,570,258,8,560,258,9,555,275,10,551,275,11,602,316,12,572,310,13,572,406,15,497,448,17,482,464,19,475,457,21,480,453,23,567,475,24,545,448,25,446,487,29,496,539
1694142293.5313475,0,548,264,1,554,253,2,556,253,3,559,253,4,550,254,5,550,254,6,549,254,7,572,258,8,560,258,9,557,275,10,551,275,11,603,316,12,573,310,13,571,405,15,497,448,17,482,464,19,475,457,21,479,453,23,567,475,24,545,449,25,445,487,29,495,539
1694142293.5813475,0,549,265,1,555,253,2,557,253,3,560,253,4,551,254,5,551,254,6,550,254,7,574,257,8,562,257,9,558,275,10,552,275,11,603,316,12,575,310,13,570,405,15,497,449,17,482,465,19,475,458,21,479,453,23,566,475,24,545,449,25,444,488,29,495,539
1694142293.6313477,0,549,265,1,555,254,2,557,253,3,560,253,4,551,254,5,551,254,6,551,254,7,573,258,8,563,257,9,557,275,10,553,276,11,603,316,12,577,311,13,569,405,15,496,450,17,482,466,19,475,459,21,479,454,23,566,478,24,546,451,25,444,488,29,495,539
1694142293.6813476,0,548,265,1,554,254,2,556,253,3,558,253,4,551,254,5,551,254,6,552,254,7,573,258,8,564,257,9,557,275,10,552,276,11,603,316,12,579,311,13,568,405,15,496,451,16,501,426,17,481,466,19,474,460,21,479,455,23,566,481,24,548,452,25,443,488,29,495,539
